
Graph 1, order 4.
0001
0001
0001
0000

Graph 2, order 4.
0001
0001
0000
0010

Graph 3, order 4.
0001
0000
0000
0110

Graph 4, order 4.
0000
0000
0000
1110

Graph 5, order 4.
0010
0001
0001
0000

Graph 6, order 4.
0010
0000
0001
0100

Graph 7, order 4.
0010
0000
0000
0110

Graph 8, order 4.
0000
0000
1001
0100

Graph 9, order 4.
0001
0011
0001
0000

Graph 10, order 4.
0001
0011
0000
0010

Graph 11, order 4.
0001
0010
0001
0100

Graph 12, order 4.
0001
0010
0000
0110

Graph 13, order 4.
0000
0011
0001
1000

Graph 14, order 4.
0000
0011
0000
1010

Graph 15, order 4.
0000
0010
0001
1100

Graph 16, order 4.
0000
0010
0000
1110

Graph 17, order 4.
0110
0001
0001
0000

Graph 18, order 4.
0110
0001
0000
0010

Graph 19, order 4.
0110
0000
0000
0110

Graph 20, order 4.
0100
0001
1000
0010

Graph 21, order 4.
0011
0011
0001
0000

Graph 22, order 4.
0011
0010
0001
0100

Graph 23, order 4.
0011
0010
0000
0110

Graph 24, order 4.
0011
0000
0101
0100

Graph 25, order 4.
0010
0010
0001
1100

Graph 26, order 4.
0010
0010
0000
1110

Graph 27, order 4.
0010
0001
0101
1000

Graph 28, order 4.
0010
0000
0101
1100

Graph 29, order 4.
0010
0000
0100
1110

Graph 30, order 4.
0000
0000
1101
1100

Graph 31, order 4.
0111
0011
0001
0000

Graph 32, order 4.
0111
0010
0001
0100

Graph 33, order 4.
0110
0011
0001
1000

Graph 34, order 4.
0110
0011
0000
1010
