
Graph 1, order 5.
00001
00001
00001
00001
00000

Graph 2, order 5.
00001
00001
00001
00000
00010

Graph 3, order 5.
00001
00001
00000
00000
00110

Graph 4, order 5.
00001
00000
00000
00000
01110

Graph 5, order 5.
00000
00000
00000
00000
11110

Graph 6, order 5.
00001
00001
00010
00001
00000

Graph 7, order 5.
00001
00001
00010
00000
00010

Graph 8, order 5.
00001
00001
00000
00101
00000

Graph 9, order 5.
00001
00001
00000
00100
00010

Graph 10, order 5.
00001
00000
00010
00001
01000

Graph 11, order 5.
00001
00000
00010
00000
01010

Graph 12, order 5.
00001
00000
00000
00101
01000

Graph 13, order 5.
00001
00000
00000
00100
01010

Graph 14, order 5.
00000
00000
00010
00001
11000

Graph 15, order 5.
00000
00000
00010
00000
11010

Graph 16, order 5.
00000
00000
00000
00101
11000

Graph 17, order 5.
00000
00000
00000
00100
11010

Graph 18, order 5.
00001
00001
00011
00001
00000

Graph 19, order 5.
00001
00001
00011
00000
00010

Graph 20, order 5.
00001
00001
00010
00001
00100

Graph 21, order 5.
00001
00001
00010
00000
00110

Graph 22, order 5.
00001
00000
00011
00001
01000

Graph 23, order 5.
00001
00000
00011
00000
01010

Graph 24, order 5.
00001
00000
00010
00001
01100

Graph 25, order 5.
00001
00000
00010
00000
01110

Graph 26, order 5.
00000
00000
00011
00001
11000

Graph 27, order 5.
00000
00000
00011
00000
11010

Graph 28, order 5.
00000
00000
00010
00001
11100

Graph 29, order 5.
00000
00000
00010
00000
11110

Graph 30, order 5.
00001
00011
00011
00000
00000

Graph 31, order 5.
00001
00011
00010
00000
00100

Graph 32, order 5.
00001
00011
00001
00100
00000

Graph 33, order 5.
00001
00011
00000
00100
00100

Graph 34, order 5.
00001
00010
00010
00000
01100

Graph 35, order 5.
00001
00010
00001
00100
01000

Graph 36, order 5.
00001
00010
00000
00100
01100

Graph 37, order 5.
00001
00001
00001
01100
00000

Graph 38, order 5.
00001
00001
00000
01100
00100

Graph 39, order 5.
00001
00000
00000
01100
01100

Graph 40, order 5.
00000
00011
00011
00000
10000

Graph 41, order 5.
00000
00011
00010
00000
10100

Graph 42, order 5.
00000
00011
00001
00100
10000

Graph 43, order 5.
00000
00011
00000
00100
10100

Graph 44, order 5.
00000
00010
00010
00000
11100

Graph 45, order 5.
00000
00010
00001
00100
11000

Graph 46, order 5.
00000
00010
00000
00100
11100

Graph 47, order 5.
00000
00001
00001
01100
10000

Graph 48, order 5.
00000
00001
00000
01100
10100

Graph 49, order 5.
00000
00000
00000
01100
11100

Graph 50, order 5.
00010
00001
00011
00001
00000

Graph 51, order 5.
00010
00001
00010
00001
00100

Graph 52, order 5.
00010
00001
00010
00000
00110

Graph 53, order 5.
00010
00001
00000
00101
00100

Graph 54, order 5.
00010
00000
00011
00001
01000

Graph 55, order 5.
00010
00000
00011
00000
01010

Graph 56, order 5.
00010
00000
00010
00001
01100

Graph 57, order 5.
00010
00000
00010
00000
01110

Graph 58, order 5.
00010
00000
00001
00101
01000

Graph 59, order 5.
00010
00000
00001
00100
01010

Graph 60, order 5.
00010
00000
00000
00101
01100

Graph 61, order 5.
00010
00000
00000
00100
01110

Graph 62, order 5.
00000
00000
00011
10001
01000

Graph 63, order 5.
00000
00000
00010
10001
01100

Graph 64, order 5.
00000
00000
00010
10000
01110

Graph 65, order 5.
00000
00000
00000
10101
01100

Graph 66, order 5.
00001
00011
00011
00001
00000

Graph 67, order 5.
00001
00011
00011
00000
00010

Graph 68, order 5.
00001
00011
00010
00001
00100

Graph 69, order 5.
00001
00011
00010
00000
00110

Graph 70, order 5.
00001
00011
00001
00101
00000

Graph 71, order 5.
00001
00011
00001
00100
00010

Graph 72, order 5.
00001
00011
00000
00101
00100

Graph 73, order 5.
00001
00011
00000
00100
00110

Graph 74, order 5.
00001
00010
00010
00001
01100

Graph 75, order 5.
00001
00010
00010
00000
01110

Graph 76, order 5.
00001
00010
00001
00101
01000

Graph 77, order 5.
00001
00010
00001
00100
01010

Graph 78, order 5.
00001
00010
00000
00101
01100

Graph 79, order 5.
00001
00010
00000
00100
01110

Graph 80, order 5.
00001
00001
00001
01101
00000

Graph 81, order 5.
00001
00001
00001
01100
00010

Graph 82, order 5.
00001
00001
00000
01101
00100

Graph 83, order 5.
00001
00001
00000
01100
00110

Graph 84, order 5.
00001
00000
00000
01101
01100

Graph 85, order 5.
00001
00000
00000
01100
01110

Graph 86, order 5.
00000
00011
00011
00001
10000

Graph 87, order 5.
00000
00011
00011
00000
10010

Graph 88, order 5.
00000
00011
00010
00001
10100

Graph 89, order 5.
00000
00011
00010
00000
10110

Graph 90, order 5.
00000
00011
00001
00101
10000

Graph 91, order 5.
00000
00011
00001
00100
10010

Graph 92, order 5.
00000
00011
00000
00101
10100

Graph 93, order 5.
00000
00011
00000
00100
10110

Graph 94, order 5.
00000
00010
00010
00001
11100

Graph 95, order 5.
00000
00010
00010
00000
11110

Graph 96, order 5.
00000
00010
00001
00101
11000

Graph 97, order 5.
00000
00010
00001
00100
11010

Graph 98, order 5.
00000
00010
00000
00101
11100

Graph 99, order 5.
00000
00010
00000
00100
11110

Graph 100, order 5.
00000
00001
00001
01101
10000

Graph 101, order 5.
00000
00001
00001
01100
10010

Graph 102, order 5.
00000
00001
00000
01101
10100

Graph 103, order 5.
00000
00001
00000
01100
10110

Graph 104, order 5.
00000
00000
00000
01101
11100

Graph 105, order 5.
00000
00000
00000
01100
11110

Graph 106, order 5.
00011
00011
00011
00000
00000

Graph 107, order 5.
00011
00011
00010
00000
00100

Graph 108, order 5.
00011
00011
00000
00100
00100

Graph 109, order 5.
00011
00010
00010
00000
01100

Graph 110, order 5.
00011
00010
00001
00100
01000

Graph 111, order 5.
00011
00010
00000
00100
01100

Graph 112, order 5.
00011
00000
00000
01100
01100

Graph 113, order 5.
00010
00010
00010
00000
11100

Graph 114, order 5.
00010
00010
00001
00100
11000

Graph 115, order 5.
00010
00010
00000
00100
11100

Graph 116, order 5.
00010
00001
00000
01100
10100

Graph 117, order 5.
00010
00000
00000
01100
11100

Graph 118, order 5.
00000
00000
00000
11100
11100

Graph 119, order 5.
00011
00011
00011
00001
00000

Graph 120, order 5.
00011
00011
00010
00001
00100

Graph 121, order 5.
00011
00011
00010
00000
00110

Graph 122, order 5.
00011
00011
00000
00101
00100

Graph 123, order 5.
00011
00010
00010
00001
01100

Graph 124, order 5.
00011
00010
00010
00000
01110

Graph 125, order 5.
00011
00010
00001
00101
01000

Graph 126, order 5.
00011
00010
00000
00101
01100

Graph 127, order 5.
00011
00010
00000
00100
01110

Graph 128, order 5.
00011
00000
00000
01101
01100

Graph 129, order 5.
00010
00010
00010
00001
11100

Graph 130, order 5.
00010
00010
00010
00000
11110

Graph 131, order 5.
00010
00010
00001
00101
11000

Graph 132, order 5.
00010
00010
00001
00100
11010

Graph 133, order 5.
00010
00010
00000
00101
11100

Graph 134, order 5.
00010
00010
00000
00100
11110

Graph 135, order 5.
00010
00001
00000
01101
10100

Graph 136, order 5.
00010
00000
00000
01101
11100

Graph 137, order 5.
00010
00000
00000
01100
11110

Graph 138, order 5.
00000
00000
00000
11101
11100

Graph 139, order 5.
00010
00001
00011
00000
00000

Graph 140, order 5.
00010
00001
00010
00000
00100

Graph 141, order 5.
00010
00001
00000
00100
00100

Graph 142, order 5.
00010
00000
00011
00000
01000

Graph 143, order 5.
00010
00000
00010
00000
01100

Graph 144, order 5.
00010
00000
00001
00100
01000

Graph 145, order 5.
00010
00000
00000
00100
01100

Graph 146, order 5.
00000
00000
00011
10000
01000

Graph 147, order 5.
00000
00000
00010
10000
01100

Graph 148, order 5.
00000
00000
00000
10100
01100

Graph 149, order 5.
01000
00001
00011
00001
00000

Graph 150, order 5.
01000
00001
00011
00000
00010

Graph 151, order 5.
01000
00001
00010
00001
00100

Graph 152, order 5.
01000
00001
00010
00000
00110

Graph 153, order 5.
01000
00000
00011
00001
01000

Graph 154, order 5.
01000
00000
00011
00000
01010

Graph 155, order 5.
01000
00000
00010
00001
01100

Graph 156, order 5.
01000
00000
00010
00000
01110

Graph 157, order 5.
00000
10001
00011
00001
00000

Graph 158, order 5.
00000
10001
00011
00000
00010

Graph 159, order 5.
00000
10001
00010
00001
00100

Graph 160, order 5.
00000
10001
00010
00000
00110

Graph 161, order 5.
00000
10000
00011
00001
01000

Graph 162, order 5.
00000
10000
00011
00000
01010

Graph 163, order 5.
00000
10000
00010
00001
01100

Graph 164, order 5.
00000
10000
00010
00000
01110

Graph 165, order 5.
01001
00001
00011
00001
00000

Graph 166, order 5.
01001
00001
00011
00000
00010

Graph 167, order 5.
01001
00001
00010
00001
00100

Graph 168, order 5.
01001
00001
00010
00000
00110

Graph 169, order 5.
01001
00000
00011
00000
01010

Graph 170, order 5.
01001
00000
00010
00001
01100

Graph 171, order 5.
01001
00000
00010
00000
01110

Graph 172, order 5.
01000
00001
00010
00001
10100

Graph 173, order 5.
01000
00001
00010
00000
10110

Graph 174, order 5.
01000
00000
00010
00000
11110

Graph 175, order 5.
01100
00010
00001
00001
00000

Graph 176, order 5.
01100
00010
00000
00001
00100

Graph 177, order 5.
01100
00010
00000
00000
00110

Graph 178, order 5.
01000
00010
10000
00001
00100

Graph 179, order 5.
01010
00001
00011
00001
00000

Graph 180, order 5.
01010
00001
00011
00000
00010

Graph 181, order 5.
01010
00001
00010
00001
00100

Graph 182, order 5.
01010
00001
00010
00000
00110

Graph 183, order 5.
01010
00001
00001
00101
00000

Graph 184, order 5.
01010
00001
00001
00100
00010

Graph 185, order 5.
01010
00001
00000
00101
00100

Graph 186, order 5.
01010
00001
00000
00100
00110

Graph 187, order 5.
01010
00000
00011
00001
01000

Graph 188, order 5.
01010
00000
00011
00000
01010

Graph 189, order 5.
01010
00000
00010
00001
01100

Graph 190, order 5.
01010
00000
00010
00000
01110

Graph 191, order 5.
01010
00000
00001
00101
01000

Graph 192, order 5.
01010
00000
00001
00100
01010

Graph 193, order 5.
01010
00000
00000
00101
01100

Graph 194, order 5.
01010
00000
00000
00100
01110

Graph 195, order 5.
01000
00001
00011
10001
00000

Graph 196, order 5.
01000
00001
00011
10000
00010

Graph 197, order 5.
01000
00001
00010
10001
00100

Graph 198, order 5.
01000
00001
00010
10000
00110

Graph 199, order 5.
01000
00001
00001
10101
00000

Graph 200, order 5.
01000
00001
00001
10100
00010

Graph 201, order 5.
01000
00001
00000
10101
00100

Graph 202, order 5.
01000
00001
00000
10100
00110

Graph 203, order 5.
01000
00000
00011
10001
01000

Graph 204, order 5.
01000
00000
00011
10000
01010

Graph 205, order 5.
01000
00000
00010
10001
01100

Graph 206, order 5.
01000
00000
00010
10000
01110

Graph 207, order 5.
01000
00000
00001
10101
01000

Graph 208, order 5.
01000
00000
00001
10100
01010

Graph 209, order 5.
01000
00000
00000
10101
01100

Graph 210, order 5.
01000
00000
00000
10100
01110

Graph 211, order 5.
00101
00011
00011
00001
00000

Graph 212, order 5.
00101
00011
00011
00000
00010

Graph 213, order 5.
00101
00011
00010
00001
00100

Graph 214, order 5.
00101
00011
00010
00000
00110

Graph 215, order 5.
00101
00010
00011
00001
01000

Graph 216, order 5.
00101
00010
00011
00000
01010

Graph 217, order 5.
00101
00010
00010
00001
01100

Graph 218, order 5.
00101
00010
00010
00000
01110

Graph 219, order 5.
00101
00010
00001
00101
01000

Graph 220, order 5.
00101
00010
00001
00100
01010

Graph 221, order 5.
00101
00010
00000
00101
01100

Graph 222, order 5.
00101
00010
00000
00100
01110

Graph 223, order 5.
00101
00001
00011
01001
00000

Graph 224, order 5.
00101
00001
00011
01000
00010

Graph 225, order 5.
00101
00001
00010
01001
00100

Graph 226, order 5.
00101
00001
00010
01000
00110

Graph 227, order 5.
00101
00001
00001
01101
00000

Graph 228, order 5.
00101
00001
00001
01100
00010

Graph 229, order 5.
00101
00001
00000
01101
00100

Graph 230, order 5.
00101
00001
00000
01100
00110

Graph 231, order 5.
00101
00000
00011
01001
01000

Graph 232, order 5.
00101
00000
00011
01000
01010

Graph 233, order 5.
00101
00000
00010
01001
01100

Graph 234, order 5.
00101
00000
00010
01000
01110

Graph 235, order 5.
00101
00000
00001
01101
01000

Graph 236, order 5.
00101
00000
00001
01100
01010

Graph 237, order 5.
00101
00000
00000
01101
01100

Graph 238, order 5.
00101
00000
00000
01100
01110

Graph 239, order 5.
00100
00010
00011
00001
11000

Graph 240, order 5.
00100
00010
00011
00000
11010

Graph 241, order 5.
00100
00010
00010
00001
11100

Graph 242, order 5.
00100
00010
00010
00000
11110

Graph 243, order 5.
00100
00001
00011
01001
10000

Graph 244, order 5.
00100
00001
00011
01000
10010

Graph 245, order 5.
00100
00001
00010
01001
10100

Graph 246, order 5.
00100
00001
00010
01000
10110

Graph 247, order 5.
00100
00001
00001
01101
10000

Graph 248, order 5.
00100
00001
00001
01100
10010

Graph 249, order 5.
00100
00001
00000
01101
10100

Graph 250, order 5.
00100
00001
00000
01100
10110

Graph 251, order 5.
00100
00000
00011
01001
11000

Graph 252, order 5.
00100
00000
00011
01000
11010

Graph 253, order 5.
00100
00000
00010
01001
11100

Graph 254, order 5.
00100
00000
00010
01000
11110

Graph 255, order 5.
00100
00000
00001
01101
11000

Graph 256, order 5.
00100
00000
00001
01100
11010

Graph 257, order 5.
00100
00000
00000
01101
11100

Graph 258, order 5.
00100
00000
00000
01100
11110

Graph 259, order 5.
00001
00001
10011
01001
00000

Graph 260, order 5.
00001
00001
10011
01000
00010

Graph 261, order 5.
00001
00001
10010
01001
00100

Graph 262, order 5.
00001
00001
10010
01000
00110

Graph 263, order 5.
00001
00000
10011
01001
01000

Graph 264, order 5.
00001
00000
10011
01000
01010

Graph 265, order 5.
00001
00000
10010
01001
01100

Graph 266, order 5.
00001
00000
10010
01000
01110

Graph 267, order 5.
00001
00000
10001
01101
01000

Graph 268, order 5.
00001
00000
10001
01100
01010

Graph 269, order 5.
00001
00000
10000
01101
01100

Graph 270, order 5.
00001
00000
10000
01100
01110

Graph 271, order 5.
00000
00000
10011
01001
11000

Graph 272, order 5.
00000
00000
10011
01000
11010

Graph 273, order 5.
00000
00000
10010
01001
11100

Graph 274, order 5.
00000
00000
10010
01000
11110

Graph 275, order 5.
00001
00110
00011
00001
00000

Graph 276, order 5.
00001
00110
00011
00000
00010

Graph 277, order 5.
00001
00110
00010
00001
00100

Graph 278, order 5.
00001
00110
00010
00000
00110

Graph 279, order 5.
00001
00100
00011
01001
00000

Graph 280, order 5.
00001
00100
00011
01000
00010

Graph 281, order 5.
00001
00100
00010
01001
00100

Graph 282, order 5.
00001
00100
00010
01000
00110

Graph 283, order 5.
00001
00100
00001
01101
00000

Graph 284, order 5.
00001
00100
00001
01100
00010

Graph 285, order 5.
00001
00100
00000
01101
00100

Graph 286, order 5.
00001
00100
00000
01100
00110

Graph 287, order 5.
00001
00000
01011
01001
00000

Graph 288, order 5.
00001
00000
01011
01000
00010

Graph 289, order 5.
00001
00000
01010
01001
00100

Graph 290, order 5.
00001
00000
01010
01000
00110

Graph 291, order 5.
00000
00110
00011
00001
10000

Graph 292, order 5.
00000
00110
00011
00000
10010

Graph 293, order 5.
00000
00110
00010
00001
10100

Graph 294, order 5.
00000
00110
00010
00000
10110

Graph 295, order 5.
00000
00100
00011
01001
10000

Graph 296, order 5.
00000
00100
00011
01000
10010

Graph 297, order 5.
00000
00100
00010
01001
10100

Graph 298, order 5.
00000
00100
00010
01000
10110

Graph 299, order 5.
00000
00100
00001
01101
10000

Graph 300, order 5.
00000
00100
00001
01100
10010

Graph 301, order 5.
00000
00100
00000
01101
10100

Graph 302, order 5.
00000
00100
00000
01100
10110

Graph 303, order 5.
00000
00000
01011
01001
10000

Graph 304, order 5.
00000
00000
01011
01000
10010

Graph 305, order 5.
00000
00000
01010
01001
10100

Graph 306, order 5.
00000
00000
01010
01000
10110

Graph 307, order 5.
00001
00111
00011
00001
00000

Graph 308, order 5.
00001
00111
00011
00000
00010

Graph 309, order 5.
00001
00111
00010
00001
00100

Graph 310, order 5.
00001
00111
00010
00000
00110

Graph 311, order 5.
00001
00110
00011
00001
01000

Graph 312, order 5.
00001
00110
00011
00000
01010

Graph 313, order 5.
00001
00110
00010
00001
01100

Graph 314, order 5.
00001
00110
00010
00000
01110

Graph 315, order 5.
00001
00101
00011
01001
00000

Graph 316, order 5.
00001
00101
00011
01000
00010

Graph 317, order 5.
00001
00101
00010
01000
00110

Graph 318, order 5.
00001
00100
00010
01000
01110

Graph 319, order 5.
00000
00111
00011
00001
10000

Graph 320, order 5.
00000
00111
00011
00000
10010

Graph 321, order 5.
00000
00111
00010
00001
10100

Graph 322, order 5.
00000
00111
00010
00000
10110

Graph 323, order 5.
00000
00110
00011
00001
11000

Graph 324, order 5.
00000
00110
00011
00000
11010

Graph 325, order 5.
00000
00110
00010
00001
11100

Graph 326, order 5.
00000
00110
00010
00000
11110

Graph 327, order 5.
00000
00101
00011
01001
10000

Graph 328, order 5.
00000
00101
00011
01000
10010

Graph 329, order 5.
00000
00101
00010
01000
10110

Graph 330, order 5.
00000
00100
00010
01000
11110

Graph 331, order 5.
00011
00111
00011
00001
00000

Graph 332, order 5.
00011
00111
00010
00001
00100

Graph 333, order 5.
00011
00111
00010
00000
00110

Graph 334, order 5.
00011
00111
00000
00101
00100

Graph 335, order 5.
00011
00110
00011
00001
01000

Graph 336, order 5.
00011
00110
00011
00000
01010

Graph 337, order 5.
00011
00110
00010
00001
01100

Graph 338, order 5.
00011
00110
00010
00000
01110

Graph 339, order 5.
00011
00110
00001
00101
01000

Graph 340, order 5.
00011
00110
00001
00100
01010

Graph 341, order 5.
00011
00110
00000
00101
01100

Graph 342, order 5.
00011
00110
00000
00100
01110

Graph 343, order 5.
00011
00100
00011
01001
01000

Graph 344, order 5.
00011
00100
00010
01001
01100

Graph 345, order 5.
00011
00100
00010
01000
01110

Graph 346, order 5.
00011
00100
00000
01101
01100

Graph 347, order 5.
00010
00111
00011
00001
10000

Graph 348, order 5.
00010
00111
00011
00000
10010

Graph 349, order 5.
00010
00111
00010
00001
10100

Graph 350, order 5.
00010
00111
00010
00000
10110

Graph 351, order 5.
00010
00111
00001
00101
10000

Graph 352, order 5.
00010
00111
00001
00100
10010

Graph 353, order 5.
00010
00111
00000
00101
10100

Graph 354, order 5.
00010
00111
00000
00100
10110

Graph 355, order 5.
00010
00110
00011
00001
11000

Graph 356, order 5.
00010
00110
00011
00000
11010

Graph 357, order 5.
00010
00110
00010
00001
11100

Graph 358, order 5.
00010
00110
00010
00000
11110

Graph 359, order 5.
00010
00110
00001
00101
11000

Graph 360, order 5.
00010
00110
00001
00100
11010

Graph 361, order 5.
00010
00110
00000
00101
11100

Graph 362, order 5.
00010
00110
00000
00100
11110

Graph 363, order 5.
00010
00101
00011
01001
10000

Graph 364, order 5.
00010
00101
00011
01000
10010

Graph 365, order 5.
00010
00101
00010
01001
10100

Graph 366, order 5.
00010
00101
00010
01000
10110

Graph 367, order 5.
00010
00101
00001
01101
10000

Graph 368, order 5.
00010
00101
00001
01100
10010

Graph 369, order 5.
00010
00101
00000
01101
10100

Graph 370, order 5.
00010
00101
00000
01100
10110

Graph 371, order 5.
00010
00100
00011
01001
11000

Graph 372, order 5.
00010
00100
00011
01000
11010

Graph 373, order 5.
00010
00100
00010
01001
11100

Graph 374, order 5.
00010
00100
00010
01000
11110

Graph 375, order 5.
00010
00100
00001
01101
11000

Graph 376, order 5.
00010
00100
00001
01100
11010

Graph 377, order 5.
00010
00100
00000
01101
11100

Graph 378, order 5.
00010
00100
00000
01100
11110

Graph 379, order 5.
00000
00111
00011
10001
10000

Graph 380, order 5.
00000
00111
00010
10001
10100

Graph 381, order 5.
00000
00111
00010
10000
10110

Graph 382, order 5.
00000
00111
00000
10101
10100

Graph 383, order 5.
00000
00110
00011
10001
11000

Graph 384, order 5.
00000
00110
00011
10000
11010

Graph 385, order 5.
00000
00110
00010
10001
11100

Graph 386, order 5.
00000
00110
00010
10000
11110

Graph 387, order 5.
00000
00110
00001
10101
11000

Graph 388, order 5.
00000
00110
00001
10100
11010

Graph 389, order 5.
00000
00110
00000
10101
11100

Graph 390, order 5.
00000
00110
00000
10100
11110

Graph 391, order 5.
00000
00100
00011
11001
11000

Graph 392, order 5.
00000
00100
00010
11001
11100

Graph 393, order 5.
00000
00100
00010
11000
11110

Graph 394, order 5.
00000
00100
00000
11101
11100

Graph 395, order 5.
01100
00011
00011
00001
00000

Graph 396, order 5.
01100
00011
00010
00001
00100

Graph 397, order 5.
01100
00011
00010
00000
00110

Graph 398, order 5.
01100
00011
00000
00101
00100

Graph 399, order 5.
01100
00010
00010
00001
01100

Graph 400, order 5.
01100
00010
00010
00000
01110

Graph 401, order 5.
01100
00010
00001
00101
01000

Graph 402, order 5.
01100
00010
00000
00101
01100

Graph 403, order 5.
01100
00010
00000
00100
01110

Graph 404, order 5.
01100
00000
00000
01101
01100

Graph 405, order 5.
01000
00011
10011
00001
00000

Graph 406, order 5.
01000
00011
10010
00001
00100

Graph 407, order 5.
01000
00011
10010
00000
00110

Graph 408, order 5.
01000
00011
10000
00101
00100

Graph 409, order 5.
01000
00010
10011
00001
01000

Graph 410, order 5.
01000
00010
10011
00000
01010

Graph 411, order 5.
01000
00010
10010
00001
01100

Graph 412, order 5.
01000
00010
10010
00000
01110

Graph 413, order 5.
01000
00010
10001
00101
01000

Graph 414, order 5.
01000
00010
10001
00100
01010

Graph 415, order 5.
01000
00010
10000
00101
01100

Graph 416, order 5.
01000
00010
10000
00100
01110

Graph 417, order 5.
01000
00000
10011
01001
01000

Graph 418, order 5.
01000
00000
10010
01001
01100

Graph 419, order 5.
01000
00000
10010
01000
01110

Graph 420, order 5.
01000
00000
10000
01101
01100

Graph 421, order 5.
00000
10011
10011
00001
00000

Graph 422, order 5.
00000
10011
10010
00001
00100

Graph 423, order 5.
00000
10011
10010
00000
00110

Graph 424, order 5.
00000
10011
10000
00101
00100

Graph 425, order 5.
00000
10010
10010
00001
01100

Graph 426, order 5.
00000
10010
10010
00000
01110

Graph 427, order 5.
00000
10010
10001
00101
01000

Graph 428, order 5.
00000
10010
10000
00101
01100

Graph 429, order 5.
00000
10010
10000
00100
01110

Graph 430, order 5.
00000
10000
10000
01101
01100

Graph 431, order 5.
01101
00011
00011
00001
00000

Graph 432, order 5.
01101
00011
00011
00000
00010

Graph 433, order 5.
01101
00011
00010
00001
00100

Graph 434, order 5.
01101
00011
00010
00000
00110

Graph 435, order 5.
01101
00011
00001
00101
00000

Graph 436, order 5.
01101
00011
00001
00100
00010

Graph 437, order 5.
01101
00011
00000
00101
00100

Graph 438, order 5.
01101
00011
00000
00100
00110

Graph 439, order 5.
01101
00010
00010
00001
01100

Graph 440, order 5.
01101
00010
00010
00000
01110

Graph 441, order 5.
01101
00010
00001
00101
01000

Graph 442, order 5.
01101
00010
00001
00100
01010

Graph 443, order 5.
01101
00010
00000
00101
01100

Graph 444, order 5.
01101
00010
00000
00100
01110

Graph 445, order 5.
01101
00001
00001
01101
00000

Graph 446, order 5.
01101
00001
00001
01100
00010

Graph 447, order 5.
01101
00001
00000
01101
00100

Graph 448, order 5.
01101
00001
00000
01100
00110

Graph 449, order 5.
01101
00000
00000
01101
01100

Graph 450, order 5.
01101
00000
00000
01100
01110

Graph 451, order 5.
01100
00011
00011
00001
10000

Graph 452, order 5.
01100
00011
00011
00000
10010

Graph 453, order 5.
01100
00011
00010
00001
10100

Graph 454, order 5.
01100
00011
00010
00000
10110

Graph 455, order 5.
01100
00011
00001
00101
10000

Graph 456, order 5.
01100
00011
00001
00100
10010

Graph 457, order 5.
01100
00011
00000
00101
10100

Graph 458, order 5.
01100
00011
00000
00100
10110

Graph 459, order 5.
01100
00010
00010
00001
11100

Graph 460, order 5.
01100
00010
00010
00000
11110

Graph 461, order 5.
01100
00010
00001
00101
11000

Graph 462, order 5.
01100
00010
00001
00100
11010

Graph 463, order 5.
01100
00010
00000
00101
11100

Graph 464, order 5.
01100
00010
00000
00100
11110

Graph 465, order 5.
01100
00001
00001
01100
10010

Graph 466, order 5.
01100
00001
00000
01100
10110

Graph 467, order 5.
01100
00000
00000
01100
11110

Graph 468, order 5.
01001
00011
10001
00101
00000

Graph 469, order 5.
01001
00011
10001
00100
00010

Graph 470, order 5.
01001
00011
10000
00100
00110

Graph 471, order 5.
01001
00010
10000
00101
01100

Graph 472, order 5.
01001
00010
10000
00100
01110

Graph 473, order 5.
01000
00010
10000
00100
11110

Graph 474, order 5.
00111
00111
00011
00001
00000

Graph 475, order 5.
00111
00111
00010
00001
00100

Graph 476, order 5.
00111
00110
00011
00001
01000

Graph 477, order 5.
00111
00110
00011
00000
01010

Graph 478, order 5.
00111
00110
00010
00001
01100

Graph 479, order 5.
00111
00110
00010
00000
01110

Graph 480, order 5.
00111
00100
00011
01001
01000

Graph 481, order 5.
00111
00100
00010
01001
01100

Graph 482, order 5.
00111
00100
00010
01000
01110

Graph 483, order 5.
00111
00100
00000
01101
01100

Graph 484, order 5.
00111
00000
01011
01001
01000

Graph 485, order 5.
00111
00000
01010
01001
01100

Graph 486, order 5.
00110
00110
00011
00001
11000

Graph 487, order 5.
00110
00110
00011
00000
11010

Graph 488, order 5.
00110
00110
00010
00001
11100

Graph 489, order 5.
00110
00110
00010
00000
11110

Graph 490, order 5.
00110
00101
00011
01001
10000

Graph 491, order 5.
00110
00101
00010
01001
10100

Graph 492, order 5.
00110
00101
00010
01000
10110

Graph 493, order 5.
00110
00101
00000
01101
10100

Graph 494, order 5.
00110
00100
00011
01001
11000

Graph 495, order 5.
00110
00100
00011
01000
11010

Graph 496, order 5.
00110
00100
00010
01001
11100

Graph 497, order 5.
00110
00100
00010
01000
11110

Graph 498, order 5.
00110
00100
00001
01101
11000

Graph 499, order 5.
00110
00100
00001
01100
11010

Graph 500, order 5.
00110
00100
00000
01101
11100

Graph 501, order 5.
00110
00100
00000
01100
11110

Graph 502, order 5.
00110
00001
01011
01001
10000

Graph 503, order 5.
00110
00001
01011
01000
10010

Graph 504, order 5.
00110
00001
01010
01001
10100

Graph 505, order 5.
00110
00001
01010
01000
10110

Graph 506, order 5.
00110
00000
01011
01001
11000

Graph 507, order 5.
00110
00000
01011
01000
11010

Graph 508, order 5.
00110
00000
01010
01001
11100

Graph 509, order 5.
00110
00000
01010
01000
11110

Graph 510, order 5.
00100
00100
00011
11001
11000

Graph 511, order 5.
00100
00100
00010
11001
11100

Graph 512, order 5.
00100
00100
00010
11000
11110

Graph 513, order 5.
00100
00100
00000
11101
11100

Graph 514, order 5.
00100
00010
01011
10001
11000

Graph 515, order 5.
00100
00010
01011
10000
11010

Graph 516, order 5.
00100
00010
01010
10001
11100

Graph 517, order 5.
00100
00010
01010
10000
11110

Graph 518, order 5.
00100
00000
01011
11001
11000

Graph 519, order 5.
00100
00000
01010
11001
11100

Graph 520, order 5.
00100
00000
01010
11000
11110

Graph 521, order 5.
00100
00000
01000
11101
11100

Graph 522, order 5.
00000
00000
11011
11001
11000

Graph 523, order 5.
00000
00000
11010
11001
11100

Graph 524, order 5.
01111
00111
00011
00001
00000

Graph 525, order 5.
01111
00111
00010
00001
00100

Graph 526, order 5.
01111
00110
00011
00001
01000

Graph 527, order 5.
01111
00110
00011
00000
01010

Graph 528, order 5.
01110
00111
00011
00001
10000

Graph 529, order 5.
01110
00111
00011
00000
10010

Graph 530, order 5.
01110
00111
00010
00001
10100

Graph 531, order 5.
01110
00111
00010
00000
10110

Graph 532, order 5.
01110
00110
00011
00001
11000

Graph 533, order 5.
01110
00101
00011
01001
10000

Graph 534, order 5.
01110
00101
00011
01000
10010

Graph 535, order 5.
01100
00110
00011
10001
11000
