t # 1
0 3
1 3
2 3
Orbits: [0, 1, 2]--[3]
t # 2
0 3
1 3
3 2
Orbits: [0, 1]--[2]--[3]
t # 3
0 3
3 1
3 2
Orbits: [0]--[1, 2]--[3]
t # 4
3 0
3 1
3 2
Orbits: [0, 1, 2]--[3]
t # 5
0 2
1 3
2 3
Orbits: [0, 1]--[2]--[3]
t # 6
0 2
2 3
3 1
Orbits: [0]--[1]--[2]--[3]
t # 7
0 2
3 1
3 2
Orbits: [0, 3]--[1]--[2]
t # 8
2 0
2 3
3 1
Orbits: [0, 3]--[1]--[2]
t # 9
0 3
1 2
1 3
2 3
Orbits: [0, 1]--[2]--[3]
t # 10
0 3
1 2
1 3
3 2
Orbits: [0, 1]--[2]--[3]
t # 11
0 3
1 2
2 3
3 1
Orbits: [0]--[1]--[2]--[3]
t # 12
0 3
1 2
3 1
3 2
Orbits: [0]--[1]--[2]--[3]
t # 13
1 2
1 3
2 3
3 0
Orbits: [0]--[1]--[2]--[3]
t # 14
1 2
1 3
3 0
3 2
Orbits: [0]--[1]--[2]--[3]
t # 15
1 2
2 3
3 0
3 1
Orbits: [0]--[1, 2, 3]
t # 16
1 2
3 0
3 1
3 2
Orbits: [0, 1]--[2]--[3]
t # 17
0 1
0 2
1 3
2 3
Orbits: [0]--[1, 2]--[3]
t # 18
0 1
0 2
1 3
3 2
Orbits: [0]--[1]--[2]--[3]
t # 19
0 1
0 2
3 1
3 2
Orbits: [0, 3]--[1, 2]
t # 20
0 1
1 3
2 0
3 2
Orbits: [0, 1, 2, 3]
t # 21
0 2
0 3
1 2
1 3
2 3
Orbits: [0, 1]--[2]--[3]
t # 22
0 2
0 3
1 2
2 3
3 1
Orbits: [0]--[1]--[2]--[3]
t # 23
0 2
0 3
1 2
3 1
3 2
Orbits: [0]--[1]--[2]--[3]
t # 24
0 2
0 3
2 1
2 3
3 1
Orbits: [0]--[1]--[2]--[3]
t # 25
0 2
1 2
2 3
3 0
3 1
Orbits: [0, 1]--[2]--[3]
t # 26
0 2
1 2
3 0
3 1
3 2
Orbits: [0, 1]--[2]--[3]
t # 27
0 2
1 3
2 1
2 3
3 0
Orbits: [0]--[1]--[2]--[3]
t # 28
0 2
2 1
2 3
3 0
3 1
Orbits: [1]--[0, 2, 3]
t # 29
0 2
2 1
3 0
3 1
3 2
Orbits: [0]--[1]--[2]--[3]
t # 30
2 0
2 1
2 3
3 0
3 1
Orbits: [0, 1]--[2]--[3]
t # 31
0 1
0 2
0 3
1 2
1 3
2 3
Orbits: [0]--[1]--[2]--[3]
t # 32
0 1
0 2
0 3
1 2
2 3
3 1
Orbits: [0]--[1, 2, 3]
t # 33
0 1
0 2
1 2
1 3
2 3
3 0
Orbits: [0]--[1]--[2]--[3]
t # 34
0 1
0 2
1 2
1 3
3 0
3 2
Orbits: [2]--[0, 1, 3]
