t # 1
0 4
1 4
2 4
3 4
Orbits: [0, 1, 2, 3]--[4]
t # 2
0 4
1 4
2 4
4 3
Orbits: [0, 1, 2]--[3]--[4]
t # 3
0 4
1 4
4 2
4 3
Orbits: [0, 1]--[2, 3]--[4]
t # 4
0 4
4 1
4 2
4 3
Orbits: [0]--[1, 2, 3]--[4]
t # 5
4 0
4 1
4 2
4 3
Orbits: [0, 1, 2, 3]--[4]
t # 6
0 4
1 4
2 3
3 4
Orbits: [0, 1, 2]--[3]--[4]
t # 7
0 4
1 4
2 3
4 3
Orbits: [0, 1, 2]--[3]--[4]
t # 8
0 4
1 4
3 2
3 4
Orbits: [0, 1, 3]--[2]--[4]
t # 9
0 4
1 4
3 2
4 3
Orbits: [0, 1]--[2]--[3]--[4]
t # 10
0 4
2 3
3 4
4 1
Orbits: [0, 2]--[1]--[3]--[4]
t # 11
0 4
2 3
4 1
4 3
Orbits: [0, 2]--[1]--[3]--[4]
t # 12
0 4
3 2
3 4
4 1
Orbits: [0, 3]--[1]--[2]--[4]
t # 13
0 4
3 2
4 1
4 3
Orbits: [0]--[1, 3]--[2]--[4]
t # 14
2 3
3 4
4 0
4 1
Orbits: [0, 1]--[2]--[3]--[4]
t # 15
2 3
4 0
4 1
4 3
Orbits: [0, 1]--[2]--[3]--[4]
t # 16
3 2
3 4
4 0
4 1
Orbits: [0, 1]--[2, 4]--[3]
t # 17
3 2
4 0
4 1
4 3
Orbits: [0, 1, 3]--[2]--[4]
t # 18
0 4
1 4
2 3
2 4
3 4
Orbits: [0, 1, 2]--[3]--[4]
t # 19
0 4
1 4
2 3
2 4
4 3
Orbits: [0, 1, 2]--[3]--[4]
t # 20
0 4
1 4
2 3
3 4
4 2
Orbits: [0, 1]--[2]--[3]--[4]
t # 21
0 4
1 4
2 3
4 2
4 3
Orbits: [0, 1]--[2]--[3]--[4]
t # 22
0 4
2 3
2 4
3 4
4 1
Orbits: [0, 2]--[1]--[3]--[4]
t # 23
0 4
2 3
2 4
4 1
4 3
Orbits: [0, 2]--[1]--[3]--[4]
t # 24
0 4
2 3
3 4
4 1
4 2
Orbits: [0]--[1, 2]--[3]--[4]
t # 25
0 4
2 3
4 1
4 2
4 3
Orbits: [0]--[1, 2]--[3]--[4]
t # 26
2 3
2 4
3 4
4 0
4 1
Orbits: [0, 1]--[2]--[3]--[4]
t # 27
2 3
2 4
4 0
4 1
4 3
Orbits: [0, 1]--[2]--[3]--[4]
t # 28
2 3
3 4
4 0
4 1
4 2
Orbits: [0]--[1]--[2, 3, 4]
t # 29
2 3
4 0
4 1
4 2
4 3
Orbits: [0, 1, 2]--[3]--[4]
t # 30
0 4
1 3
1 4
2 3
2 4
Orbits: [0, 1, 2]--[3]--[4]
t # 31
0 4
1 3
1 4
2 3
4 2
Orbits: [0, 1]--[2]--[3]--[4]
t # 32
0 4
1 3
1 4
2 4
3 2
Orbits: [0, 1]--[2]--[3]--[4]
t # 33
0 4
1 3
1 4
3 2
4 2
Orbits: [0, 1]--[2]--[3]--[4]
t # 34
0 4
1 3
2 3
4 1
4 2
Orbits: [0]--[1, 2]--[3]--[4]
t # 35
0 4
1 3
2 4
3 2
4 1
Orbits: [0]--[1]--[2]--[3]--[4]
t # 36
0 4
1 3
3 2
4 1
4 2
Orbits: [0]--[1]--[2]--[3]--[4]
t # 37
0 4
1 4
2 4
3 1
3 2
Orbits: [0]--[1, 2]--[3]--[4]
t # 38
0 4
1 4
3 1
3 2
4 2
Orbits: [0, 3]--[1]--[2]--[4]
t # 39
0 4
3 1
3 2
4 1
4 2
Orbits: [0]--[1, 2]--[3]--[4]
t # 40
1 3
1 4
2 3
2 4
4 0
Orbits: [0]--[1, 2]--[3, 4]
t # 41
1 3
1 4
2 3
4 0
4 2
Orbits: [0, 2]--[1]--[3]--[4]
t # 42
1 3
1 4
2 4
3 2
4 0
Orbits: [0]--[1]--[2]--[3]--[4]
t # 43
1 3
1 4
3 2
4 0
4 2
Orbits: [0]--[1]--[2]--[3, 4]
t # 44
1 3
2 3
4 0
4 1
4 2
Orbits: [0, 1, 2]--[3]--[4]
t # 45
1 3
2 4
3 2
4 0
4 1
Orbits: [0]--[1, 2, 3, 4]
t # 46
1 3
3 2
4 0
4 1
4 2
Orbits: [0, 1]--[2]--[3]--[4]
t # 47
1 4
2 4
3 1
3 2
4 0
Orbits: [0]--[1, 2]--[3]--[4]
t # 48
1 4
3 1
3 2
4 0
4 2
Orbits: [0]--[1]--[2]--[3]--[4]
t # 49
3 1
3 2
4 0
4 1
4 2
Orbits: [0]--[1, 2]--[3, 4]
t # 50
0 3
1 4
2 3
2 4
3 4
Orbits: [0, 1, 2]--[3]--[4]
t # 51
0 3
1 4
2 3
3 4
4 2
Orbits: [0, 1]--[2]--[3]--[4]
t # 52
0 3
1 4
2 3
4 2
4 3
Orbits: [0, 1]--[2]--[3]--[4]
t # 53
0 3
1 4
3 2
3 4
4 2
Orbits: [0, 1]--[2]--[3]--[4]
t # 54
0 3
2 3
2 4
3 4
4 1
Orbits: [0, 2]--[1]--[3]--[4]
t # 55
0 3
2 3
2 4
4 1
4 3
Orbits: [0, 2]--[1]--[3]--[4]
t # 56
0 3
2 3
3 4
4 1
4 2
Orbits: [0]--[1, 2]--[3]--[4]
t # 57
0 3
2 3
4 1
4 2
4 3
Orbits: [0]--[1, 2]--[3]--[4]
t # 58
0 3
2 4
3 2
3 4
4 1
Orbits: [0]--[1]--[2]--[3]--[4]
t # 59
0 3
2 4
3 2
4 1
4 3
Orbits: [0]--[1]--[2]--[3]--[4]
t # 60
0 3
3 2
3 4
4 1
4 2
Orbits: [0]--[1]--[2]--[3]--[4]
t # 61
0 3
3 2
4 1
4 2
4 3
Orbits: [0, 4]--[1]--[2]--[3]
t # 62
2 3
2 4
3 0
3 4
4 1
Orbits: [0]--[1]--[2]--[3]--[4]
t # 63
2 3
3 0
3 4
4 1
4 2
Orbits: [0]--[1]--[2, 3, 4]
t # 64
2 3
3 0
4 1
4 2
4 3
Orbits: [0]--[1, 2]--[3]--[4]
t # 65
3 0
3 2
3 4
4 1
4 2
Orbits: [0, 4]--[1]--[2]--[3]
t # 66
0 4
1 3
1 4
2 3
2 4
3 4
Orbits: [0, 1, 2]--[3]--[4]
t # 67
0 4
1 3
1 4
2 3
2 4
4 3
Orbits: [0, 1, 2]--[3]--[4]
t # 68
0 4
1 3
1 4
2 3
3 4
4 2
Orbits: [0, 1]--[2]--[3]--[4]
t # 69
0 4
1 3
1 4
2 3
4 2
4 3
Orbits: [0, 1]--[2]--[3]--[4]
t # 70
0 4
1 3
1 4
2 4
3 2
3 4
Orbits: [0, 1]--[2]--[3]--[4]
t # 71
0 4
1 3
1 4
2 4
3 2
4 3
Orbits: [0, 1]--[2]--[3]--[4]
t # 72
0 4
1 3
1 4
3 2
3 4
4 2
Orbits: [0, 1]--[2]--[3]--[4]
t # 73
0 4
1 3
1 4
3 2
4 2
4 3
Orbits: [0, 1]--[2]--[3]--[4]
t # 74
0 4
1 3
2 3
3 4
4 1
4 2
Orbits: [0]--[1, 2]--[3]--[4]
t # 75
0 4
1 3
2 3
4 1
4 2
4 3
Orbits: [0]--[1, 2]--[3]--[4]
t # 76
0 4
1 3
2 4
3 2
3 4
4 1
Orbits: [0]--[1]--[2]--[3]--[4]
t # 77
0 4
1 3
2 4
3 2
4 1
4 3
Orbits: [0]--[1]--[2]--[3]--[4]
t # 78
0 4
1 3
3 2
3 4
4 1
4 2
Orbits: [0]--[1]--[2]--[3]--[4]
t # 79
0 4
1 3
3 2
4 1
4 2
4 3
Orbits: [0]--[1]--[2]--[3]--[4]
t # 80
0 4
1 4
2 4
3 1
3 2
3 4
Orbits: [0]--[1, 2]--[3]--[4]
t # 81
0 4
1 4
2 4
3 1
3 2
4 3
Orbits: [0]--[1, 2]--[3]--[4]
t # 82
0 4
1 4
3 1
3 2
3 4
4 2
Orbits: [0, 3]--[1]--[2]--[4]
t # 83
0 4
1 4
3 1
3 2
4 2
4 3
Orbits: [0]--[1]--[2]--[3]--[4]
t # 84
0 4
3 1
3 2
3 4
4 1
4 2
Orbits: [0]--[1, 2]--[3]--[4]
t # 85
0 4
3 1
3 2
4 1
4 2
4 3
Orbits: [0]--[1, 2]--[3]--[4]
t # 86
1 3
1 4
2 3
2 4
3 4
4 0
Orbits: [0]--[1, 2]--[3]--[4]
t # 87
1 3
1 4
2 3
2 4
4 0
4 3
Orbits: [0]--[1, 2]--[3]--[4]
t # 88
1 3
1 4
2 3
3 4
4 0
4 2
Orbits: [0, 2]--[1]--[3]--[4]
t # 89
1 3
1 4
2 3
4 0
4 2
4 3
Orbits: [0, 2]--[1]--[3]--[4]
t # 90
1 3
1 4
2 4
3 2
3 4
4 0
Orbits: [0]--[1]--[2]--[3]--[4]
t # 91
1 3
1 4
2 4
3 2
4 0
4 3
Orbits: [0]--[1]--[2]--[3]--[4]
t # 92
1 3
1 4
3 2
3 4
4 0
4 2
Orbits: [0]--[1]--[2]--[3]--[4]
t # 93
1 3
1 4
3 2
4 0
4 2
4 3
Orbits: [0]--[1]--[2]--[3]--[4]
t # 94
1 3
2 3
3 4
4 0
4 1
4 2
Orbits: [0, 1, 2]--[3]--[4]
t # 95
1 3
2 3
4 0
4 1
4 2
4 3
Orbits: [0, 1, 2]--[3]--[4]
t # 96
1 3
2 4
3 2
3 4
4 0
4 1
Orbits: [0, 1]--[2]--[3]--[4]
t # 97
1 3
2 4
3 2
4 0
4 1
4 3
Orbits: [0, 1]--[2]--[3]--[4]
t # 98
1 3
3 2
3 4
4 0
4 1
4 2
Orbits: [0]--[2]--[1, 3, 4]
t # 99
1 3
3 2
4 0
4 1
4 2
4 3
Orbits: [0, 1]--[2]--[3]--[4]
t # 100
1 4
2 4
3 1
3 2
3 4
4 0
Orbits: [0]--[1, 2]--[3]--[4]
t # 101
1 4
2 4
3 1
3 2
4 0
4 3
Orbits: [0, 3]--[1, 2]--[4]
t # 102
1 4
3 1
3 2
3 4
4 0
4 2
Orbits: [0]--[1]--[2]--[3]--[4]
t # 103
1 4
3 1
3 2
4 0
4 2
4 3
Orbits: [0]--[2]--[1, 3, 4]
t # 104
3 1
3 2
3 4
4 0
4 1
4 2
Orbits: [0]--[1, 2]--[3]--[4]
t # 105
3 1
3 2
4 0
4 1
4 2
4 3
Orbits: [0, 3]--[1, 2]--[4]
t # 106
0 3
0 4
1 3
1 4
2 3
2 4
Orbits: [0, 1, 2]--[3, 4]
t # 107
0 3
0 4
1 3
1 4
2 3
4 2
Orbits: [0, 1]--[2]--[3]--[4]
t # 108
0 3
0 4
1 3
1 4
3 2
4 2
Orbits: [0, 1]--[2]--[3, 4]
t # 109
0 3
0 4
1 3
2 3
4 1
4 2
Orbits: [0]--[1, 2]--[3]--[4]
t # 110
0 3
0 4
1 3
2 4
3 2
4 1
Orbits: [0]--[1, 2]--[3, 4]
t # 111
0 3
0 4
1 3
3 2
4 1
4 2
Orbits: [0]--[1]--[2]--[3]--[4]
t # 112
0 3
0 4
3 1
3 2
4 1
4 2
Orbits: [0]--[1, 2]--[3, 4]
t # 113
0 3
1 3
2 3
4 0
4 1
4 2
Orbits: [0, 1, 2]--[3]--[4]
t # 114
0 3
1 3
2 4
3 2
4 0
4 1
Orbits: [0, 1]--[2]--[3]--[4]
t # 115
0 3
1 3
3 2
4 0
4 1
4 2
Orbits: [0, 1]--[2]--[3]--[4]
t # 116
0 3
1 4
3 1
3 2
4 0
4 2
Orbits: [0, 1, 3, 4]--[2]
t # 117
0 3
3 1
3 2
4 0
4 1
4 2
Orbits: [0]--[1, 2]--[3]--[4]
t # 118
3 0
3 1
3 2
4 0
4 1
4 2
Orbits: [0, 1, 2]--[3, 4]
t # 119
0 3
0 4
1 3
1 4
2 3
2 4
3 4
Orbits: [0, 1, 2]--[3]--[4]
t # 120
0 3
0 4
1 3
1 4
2 3
3 4
4 2
Orbits: [0, 1]--[2]--[3]--[4]
t # 121
0 3
0 4
1 3
1 4
2 3
4 2
4 3
Orbits: [0, 1]--[2]--[3]--[4]
t # 122
0 3
0 4
1 3
1 4
3 2
3 4
4 2
Orbits: [0, 1]--[2]--[3]--[4]
t # 123
0 3
0 4
1 3
2 3
3 4
4 1
4 2
Orbits: [0]--[1, 2]--[3]--[4]
t # 124
0 3
0 4
1 3
2 3
4 1
4 2
4 3
Orbits: [0]--[1, 2]--[3]--[4]
t # 125
0 3
0 4
1 3
2 4
3 2
3 4
4 1
Orbits: [0]--[1]--[2]--[3]--[4]
t # 126
0 3
0 4
1 3
3 2
3 4
4 1
4 2
Orbits: [0]--[1]--[2]--[3]--[4]
t # 127
0 3
0 4
1 3
3 2
4 1
4 2
4 3
Orbits: [0]--[1]--[2]--[3]--[4]
t # 128
0 3
0 4
3 1
3 2
3 4
4 1
4 2
Orbits: [0]--[1, 2]--[3]--[4]
t # 129
0 3
1 3
2 3
3 4
4 0
4 1
4 2
Orbits: [0, 1, 2]--[3]--[4]
t # 130
0 3
1 3
2 3
4 0
4 1
4 2
4 3
Orbits: [0, 1, 2]--[3]--[4]
t # 131
0 3
1 3
2 4
3 2
3 4
4 0
4 1
Orbits: [0, 1]--[2]--[3]--[4]
t # 132
0 3
1 3
2 4
3 2
4 0
4 1
4 3
Orbits: [0, 1]--[2]--[3]--[4]
t # 133
0 3
1 3
3 2
3 4
4 0
4 1
4 2
Orbits: [0, 1]--[2]--[3]--[4]
t # 134
0 3
1 3
3 2
4 0
4 1
4 2
4 3
Orbits: [0, 1]--[2]--[3]--[4]
t # 135
0 3
1 4
3 1
3 2
3 4
4 0
4 2
Orbits: [0]--[1]--[2]--[3]--[4]
t # 136
0 3
3 1
3 2
3 4
4 0
4 1
4 2
Orbits: [0]--[1, 2]--[3]--[4]
t # 137
0 3
3 1
3 2
4 0
4 1
4 2
4 3
Orbits: [0]--[1, 2]--[3]--[4]
t # 138
3 0
3 1
3 2
3 4
4 0
4 1
4 2
Orbits: [0, 1, 2]--[3]--[4]
t # 139
0 3
1 4
2 3
2 4
Orbits: [0, 1, 2]--[3, 4]
t # 140
0 3
1 4
2 3
4 2
Orbits: [0, 1]--[2]--[3]--[4]
t # 141
0 3
1 4
3 2
4 2
Orbits: [0, 1]--[2]--[3, 4]
t # 142
0 3
2 3
2 4
4 1
Orbits: [0, 2]--[1]--[3]--[4]
t # 143
0 3
2 3
4 1
4 2
Orbits: [0]--[1, 2]--[3]--[4]
t # 144
0 3
2 4
3 2
4 1
Orbits: [0]--[1]--[2]--[3]--[4]
t # 145
0 3
3 2
4 1
4 2
Orbits: [0, 4]--[1, 3]--[2]
t # 146
2 3
2 4
3 0
4 1
Orbits: [0, 1]--[2]--[3, 4]
t # 147
2 3
3 0
4 1
4 2
Orbits: [0]--[1, 2]--[3]--[4]
t # 148
3 0
3 2
4 1
4 2
Orbits: [0, 1]--[2]--[3, 4]
t # 149
0 1
1 4
2 3
2 4
3 4
Orbits: [0, 2]--[1, 3]--[4]
t # 150
0 1
1 4
2 3
2 4
4 3
Orbits: [0, 2]--[1]--[3]--[4]
t # 151
0 1
1 4
2 3
3 4
4 2
Orbits: [0]--[1]--[2]--[3]--[4]
t # 152
0 1
1 4
2 3
4 2
4 3
Orbits: [0]--[1]--[2]--[3]--[4]
t # 153
0 1
2 3
2 4
3 4
4 1
Orbits: [0, 2]--[1]--[3]--[4]
t # 154
0 1
2 3
2 4
4 1
4 3
Orbits: [0, 2]--[1, 3]--[4]
t # 155
0 1
2 3
3 4
4 1
4 2
Orbits: [0]--[1]--[2, 3, 4]
t # 156
0 1
2 3
4 1
4 2
4 3
Orbits: [0, 4]--[1]--[2]--[3]
t # 157
1 0
1 4
2 3
2 4
3 4
Orbits: [0, 3]--[1, 2]--[4]
t # 158
1 0
1 4
2 3
2 4
4 3
Orbits: [0]--[1, 2]--[3]--[4]
t # 159
1 0
1 4
2 3
3 4
4 2
Orbits: [0]--[1]--[2]--[3]--[4]
t # 160
1 0
1 4
2 3
4 2
4 3
Orbits: [0, 4]--[1]--[2]--[3]
t # 161
1 0
2 3
2 4
3 4
4 1
Orbits: [0]--[1]--[2]--[3]--[4]
t # 162
1 0
2 3
2 4
4 1
4 3
Orbits: [0]--[1]--[2]--[3]--[4]
t # 163
1 0
2 3
3 4
4 1
4 2
Orbits: [0]--[1]--[2, 3, 4]
t # 164
1 0
2 3
4 1
4 2
4 3
Orbits: [0]--[1, 2]--[3]--[4]
t # 165
0 1
0 4
1 4
2 3
2 4
3 4
Orbits: [0, 2]--[1, 3]--[4]
t # 166
0 1
0 4
1 4
2 3
2 4
4 3
Orbits: [0, 2]--[1]--[3]--[4]
t # 167
0 1
0 4
1 4
2 3
3 4
4 2
Orbits: [0]--[1]--[2]--[3]--[4]
t # 168
0 1
0 4
1 4
2 3
4 2
4 3
Orbits: [0]--[1]--[2]--[3]--[4]
t # 169
0 1
0 4
2 3
2 4
4 1
4 3
Orbits: [0, 2]--[1, 3]--[4]
t # 170
0 1
0 4
2 3
3 4
4 1
4 2
Orbits: [0]--[1]--[2]--[3]--[4]
t # 171
0 1
0 4
2 3
4 1
4 2
4 3
Orbits: [0]--[1]--[2]--[3]--[4]
t # 172
0 1
1 4
2 3
3 4
4 0
4 2
Orbits: [0, 2]--[1, 3]--[4]
t # 173
0 1
1 4
2 3
4 0
4 2
4 3
Orbits: [0]--[1]--[2]--[3]--[4]
t # 174
0 1
2 3
4 0
4 1
4 2
4 3
Orbits: [0, 2]--[1, 3]--[4]
t # 175
0 1
0 2
1 3
2 4
3 4
Orbits: [0]--[1, 2]--[3]--[4]
t # 176
0 1
0 2
1 3
3 4
4 2
Orbits: [0]--[1]--[2]--[3]--[4]
t # 177
0 1
0 2
1 3
4 2
4 3
Orbits: [0, 4]--[1]--[2]--[3]
t # 178
0 1
1 3
2 0
3 4
4 2
Orbits: [0, 1, 2, 3, 4]
t # 179
0 1
0 3
1 4
2 3
2 4
3 4
Orbits: [0, 2]--[1]--[3]--[4]
t # 180
0 1
0 3
1 4
2 3
2 4
4 3
Orbits: [0, 2]--[1]--[3]--[4]
t # 181
0 1
0 3
1 4
2 3
3 4
4 2
Orbits: [0]--[1]--[2]--[3]--[4]
t # 182
0 1
0 3
1 4
2 3
4 2
4 3
Orbits: [0]--[1]--[2]--[3]--[4]
t # 183
0 1
0 3
1 4
2 4
3 2
3 4
Orbits: [0]--[1, 3]--[2]--[4]
t # 184
0 1
0 3
1 4
2 4
3 2
4 3
Orbits: [0]--[1]--[2]--[3]--[4]
t # 185
0 1
0 3
1 4
3 2
3 4
4 2
Orbits: [0]--[1, 3]--[2]--[4]
t # 186
0 1
0 3
1 4
3 2
4 2
4 3
Orbits: [0]--[1]--[2]--[3]--[4]
t # 187
0 1
0 3
2 3
2 4
3 4
4 1
Orbits: [0, 2]--[1]--[3]--[4]
t # 188
0 1
0 3
2 3
2 4
4 1
4 3
Orbits: [0, 2]--[1]--[3]--[4]
t # 189
0 1
0 3
2 3
3 4
4 1
4 2
Orbits: [0]--[1]--[2]--[3]--[4]
t # 190
0 1
0 3
2 3
4 1
4 2
4 3
Orbits: [0, 4]--[1]--[2]--[3]
t # 191
0 1
0 3
2 4
3 2
3 4
4 1
Orbits: [0]--[1]--[2]--[3]--[4]
t # 192
0 1
0 3
2 4
3 2
4 1
4 3
Orbits: [0]--[1, 3]--[2]--[4]
t # 193
0 1
0 3
3 2
3 4
4 1
4 2
Orbits: [0]--[1]--[2]--[3]--[4]
t # 194
0 1
0 3
3 2
4 1
4 2
4 3
Orbits: [0, 4]--[1, 3]--[2]
t # 195
0 1
1 4
2 3
2 4
3 0
3 4
Orbits: [0]--[1]--[2]--[3]--[4]
t # 196
0 1
1 4
2 3
2 4
3 0
4 3
Orbits: [0]--[1]--[2]--[3]--[4]
t # 197
0 1
1 4
2 3
3 0
3 4
4 2
Orbits: [0]--[1]--[2]--[3]--[4]
t # 198
0 1
1 4
2 3
3 0
4 2
4 3
Orbits: [0]--[1]--[2]--[3]--[4]
t # 199
0 1
1 4
2 4
3 0
3 2
3 4
Orbits: [0, 2]--[1]--[3]--[4]
t # 200
0 1
1 4
2 4
3 0
3 2
4 3
Orbits: [0, 2]--[1]--[3]--[4]
t # 201
0 1
1 4
3 0
3 2
3 4
4 2
Orbits: [0]--[1]--[2]--[3]--[4]
t # 202
0 1
1 4
3 0
3 2
4 2
4 3
Orbits: [2]--[0, 1, 3, 4]
t # 203
0 1
2 3
2 4
3 0
3 4
4 1
Orbits: [0]--[1]--[2]--[3]--[4]
t # 204
0 1
2 3
2 4
3 0
4 1
4 3
Orbits: [0]--[1]--[2]--[3]--[4]
t # 205
0 1
2 3
3 0
3 4
4 1
4 2
Orbits: [0]--[1]--[2, 3, 4]
t # 206
0 1
2 3
3 0
4 1
4 2
4 3
Orbits: [0]--[1]--[2]--[3]--[4]
t # 207
0 1
2 4
3 0
3 2
3 4
4 1
Orbits: [0, 2]--[1]--[3]--[4]
t # 208
0 1
2 4
3 0
3 2
4 1
4 3
Orbits: [0]--[1]--[2, 3, 4]
t # 209
0 1
3 0
3 2
3 4
4 1
4 2
Orbits: [0, 4]--[1]--[2]--[3]
t # 210
0 1
3 0
3 2
4 1
4 2
4 3
Orbits: [0]--[1]--[2]--[3]--[4]
t # 211
0 2
0 4
1 3
1 4
2 3
2 4
3 4
Orbits: [0, 1]--[2]--[3]--[4]
t # 212
0 2
0 4
1 3
1 4
2 3
2 4
4 3
Orbits: [0, 1]--[2]--[3]--[4]
t # 213
0 2
0 4
1 3
1 4
2 3
3 4
4 2
Orbits: [0, 1]--[2]--[3]--[4]
t # 214
0 2
0 4
1 3
1 4
2 3
4 2
4 3
Orbits: [0, 1]--[2]--[3]--[4]
t # 215
0 2
0 4
1 3
2 3
2 4
3 4
4 1
Orbits: [0]--[1]--[2]--[3]--[4]
t # 216
0 2
0 4
1 3
2 3
2 4
4 1
4 3
Orbits: [0]--[1]--[2]--[3]--[4]
t # 217
0 2
0 4
1 3
2 3
3 4
4 1
4 2
Orbits: [0]--[1]--[2]--[3]--[4]
t # 218
0 2
0 4
1 3
2 3
4 1
4 2
4 3
Orbits: [0]--[1]--[2]--[3]--[4]
t # 219
0 2
0 4
1 3
2 4
3 2
3 4
4 1
Orbits: [0]--[1]--[2]--[3]--[4]
t # 220
0 2
0 4
1 3
2 4
3 2
4 1
4 3
Orbits: [0]--[1]--[2]--[3]--[4]
t # 221
0 2
0 4
1 3
3 2
3 4
4 1
4 2
Orbits: [0]--[1]--[2]--[3]--[4]
t # 222
0 2
0 4
1 3
3 2
4 1
4 2
4 3
Orbits: [0]--[1]--[2]--[3]--[4]
t # 223
0 2
0 4
1 4
2 3
2 4
3 1
3 4
Orbits: [0]--[1]--[2]--[3]--[4]
t # 224
0 2
0 4
1 4
2 3
2 4
3 1
4 3
Orbits: [0]--[1]--[2]--[3]--[4]
t # 225
0 2
0 4
1 4
2 3
3 1
3 4
4 2
Orbits: [0]--[1]--[2]--[3]--[4]
t # 226
0 2
0 4
1 4
2 3
3 1
4 2
4 3
Orbits: [0]--[1]--[2]--[3]--[4]
t # 227
0 2
0 4
1 4
2 4
3 1
3 2
3 4
Orbits: [0, 3]--[1]--[2]--[4]
t # 228
0 2
0 4
1 4
2 4
3 1
3 2
4 3
Orbits: [0]--[1]--[2]--[3]--[4]
t # 229
0 2
0 4
1 4
3 1
3 2
3 4
4 2
Orbits: [0, 3]--[1]--[2]--[4]
t # 230
0 2
0 4
1 4
3 1
3 2
4 2
4 3
Orbits: [0]--[1]--[2]--[3]--[4]
t # 231
0 2
0 4
2 3
2 4
3 1
3 4
4 1
Orbits: [0]--[1]--[2]--[3]--[4]
t # 232
0 2
0 4
2 3
2 4
3 1
4 1
4 3
Orbits: [0]--[1]--[2]--[3]--[4]
t # 233
0 2
0 4
2 3
3 1
3 4
4 1
4 2
Orbits: [0]--[1]--[2]--[3]--[4]
t # 234
0 2
0 4
2 3
3 1
4 1
4 2
4 3
Orbits: [0]--[1]--[2]--[3]--[4]
t # 235
0 2
0 4
2 4
3 1
3 2
3 4
4 1
Orbits: [0, 3]--[1]--[2]--[4]
t # 236
0 2
0 4
2 4
3 1
3 2
4 1
4 3
Orbits: [0]--[1]--[2]--[3]--[4]
t # 237
0 2
0 4
3 1
3 2
3 4
4 1
4 2
Orbits: [0, 3]--[1]--[2]--[4]
t # 238
0 2
0 4
3 1
3 2
4 1
4 2
4 3
Orbits: [0]--[1]--[2]--[3]--[4]
t # 239
0 2
1 3
2 3
2 4
3 4
4 0
4 1
Orbits: [0, 1]--[2]--[3]--[4]
t # 240
0 2
1 3
2 3
2 4
4 0
4 1
4 3
Orbits: [0]--[1]--[2]--[3]--[4]
t # 241
0 2
1 3
2 3
3 4
4 0
4 1
4 2
Orbits: [0, 1]--[2]--[3]--[4]
t # 242
0 2
1 3
2 3
4 0
4 1
4 2
4 3
Orbits: [0, 1]--[2]--[3]--[4]
t # 243
0 2
1 4
2 3
2 4
3 1
3 4
4 0
Orbits: [0]--[1]--[2]--[3]--[4]
t # 244
0 2
1 4
2 3
2 4
3 1
4 0
4 3
Orbits: [0]--[1]--[2]--[3]--[4]
t # 245
0 2
1 4
2 3
3 1
3 4
4 0
4 2
Orbits: [0]--[1]--[2]--[3]--[4]
t # 246
0 2
1 4
2 3
3 1
4 0
4 2
4 3
Orbits: [0]--[1]--[2]--[3]--[4]
t # 247
0 2
1 4
2 4
3 1
3 2
3 4
4 0
Orbits: [0]--[1]--[2]--[3]--[4]
t # 248
0 2
1 4
2 4
3 1
3 2
4 0
4 3
Orbits: [0, 3]--[1]--[2]--[4]
t # 249
0 2
1 4
3 1
3 2
3 4
4 0
4 2
Orbits: [0]--[1]--[2]--[3]--[4]
t # 250
0 2
1 4
3 1
3 2
4 0
4 2
4 3
Orbits: [0]--[2]--[1, 3, 4]
t # 251
0 2
2 3
2 4
3 1
3 4
4 0
4 1
Orbits: [0]--[1]--[2]--[3]--[4]
t # 252
0 2
2 3
2 4
3 1
4 0
4 1
4 3
Orbits: [1]--[3]--[0, 2, 4]
t # 253
0 2
2 3
3 1
3 4
4 0
4 1
4 2
Orbits: [0]--[1]--[2]--[3]--[4]
t # 254
0 2
2 3
3 1
4 0
4 1
4 2
4 3
Orbits: [0]--[1]--[2]--[3]--[4]
t # 255
0 2
2 4
3 1
3 2
3 4
4 0
4 1
Orbits: [0]--[1]--[2]--[3]--[4]
t # 256
0 2
2 4
3 1
3 2
4 0
4 1
4 3
Orbits: [0, 3]--[1]--[2]--[4]
t # 257
0 2
3 1
3 2
3 4
4 0
4 1
4 2
Orbits: [0]--[1]--[2]--[3]--[4]
t # 258
0 2
3 1
3 2
4 0
4 1
4 2
4 3
Orbits: [0, 3]--[1]--[2]--[4]
t # 259
0 4
1 4
2 0
2 3
2 4
3 1
3 4
Orbits: [0, 3]--[1]--[2]--[4]
t # 260
0 4
1 4
2 0
2 3
2 4
3 1
4 3
Orbits: [0]--[1]--[2]--[3]--[4]
t # 261
0 4
1 4
2 0
2 3
3 1
3 4
4 2
Orbits: [0, 3]--[1]--[2]--[4]
t # 262
0 4
1 4
2 0
2 3
3 1
4 2
4 3
Orbits: [0]--[1]--[2]--[3]--[4]
t # 263
0 4
2 0
2 3
2 4
3 1
3 4
4 1
Orbits: [0, 3]--[1]--[2]--[4]
t # 264
0 4
2 0
2 3
2 4
3 1
4 1
4 3
Orbits: [0]--[1]--[2]--[3]--[4]
t # 265
0 4
2 0
2 3
3 1
3 4
4 1
4 2
Orbits: [0, 3]--[1]--[2]--[4]
t # 266
0 4
2 0
2 3
3 1
4 1
4 2
4 3
Orbits: [1]--[3]--[0, 2, 4]
t # 267
0 4
2 0
2 4
3 1
3 2
3 4
4 1
Orbits: [0]--[1]--[2]--[3]--[4]
t # 268
0 4
2 0
2 4
3 1
3 2
4 1
4 3
Orbits: [0]--[1]--[2]--[3]--[4]
t # 269
0 4
2 0
3 1
3 2
3 4
4 1
4 2
Orbits: [0]--[1, 2]--[3]--[4]
t # 270
0 4
2 0
3 1
3 2
4 1
4 2
4 3
Orbits: [0]--[1, 2]--[3]--[4]
t # 271
2 0
2 3
2 4
3 1
3 4
4 0
4 1
Orbits: [0]--[1]--[2]--[3]--[4]
t # 272
2 0
2 3
2 4
3 1
4 0
4 1
4 3
Orbits: [0, 3]--[1]--[2]--[4]
t # 273
2 0
2 3
3 1
3 4
4 0
4 1
4 2
Orbits: [0, 1]--[2, 3, 4]
t # 274
2 0
2 3
3 1
4 0
4 1
4 2
4 3
Orbits: [0, 3]--[1]--[2]--[4]
t # 275
0 4
1 2
1 3
2 3
2 4
3 4
Orbits: [0, 1]--[2]--[3]--[4]
t # 276
0 4
1 2
1 3
2 3
2 4
4 3
Orbits: [0, 1]--[2]--[3]--[4]
t # 277
0 4
1 2
1 3
2 3
3 4
4 2
Orbits: [0]--[1]--[2]--[3]--[4]
t # 278
0 4
1 2
1 3
2 3
4 2
4 3
Orbits: [0, 1]--[2]--[3]--[4]
t # 279
0 4
1 2
2 3
2 4
3 1
3 4
Orbits: [0]--[1, 2, 3]--[4]
t # 280
0 4
1 2
2 3
2 4
3 1
4 3
Orbits: [0]--[1]--[2]--[3]--[4]
t # 281
0 4
1 2
2 3
3 1
3 4
4 2
Orbits: [0]--[1]--[2]--[3]--[4]
t # 282
0 4
1 2
2 3
3 1
4 2
4 3
Orbits: [0]--[1]--[2]--[3]--[4]
t # 283
0 4
1 2
2 4
3 1
3 2
3 4
Orbits: [0, 3]--[1]--[2]--[4]
t # 284
0 4
1 2
2 4
3 1
3 2
4 3
Orbits: [0]--[1]--[2]--[3]--[4]
t # 285
0 4
1 2
3 1
3 2
3 4
4 2
Orbits: [0, 3]--[1]--[2]--[4]
t # 286
0 4
1 2
3 1
3 2
4 2
4 3
Orbits: [0]--[1]--[2]--[3]--[4]
t # 287
0 4
2 1
2 3
2 4
3 1
3 4
Orbits: [0, 2]--[1]--[3]--[4]
t # 288
0 4
2 1
2 3
2 4
3 1
4 3
Orbits: [0, 2]--[1]--[3]--[4]
t # 289
0 4
2 1
2 3
3 1
3 4
4 2
Orbits: [0]--[1]--[2]--[3]--[4]
t # 290
0 4
2 1
2 3
3 1
4 2
4 3
Orbits: [0]--[1]--[2]--[3]--[4]
t # 291
1 2
1 3
2 3
2 4
3 4
4 0
Orbits: [0]--[1]--[2]--[3]--[4]
t # 292
1 2
1 3
2 3
2 4
4 0
4 3
Orbits: [0]--[1]--[2]--[3]--[4]
t # 293
1 2
1 3
2 3
3 4
4 0
4 2
Orbits: [0]--[1]--[2]--[3]--[4]
t # 294
1 2
1 3
2 3
4 0
4 2
4 3
Orbits: [0]--[1, 4]--[2]--[3]
t # 295
1 2
2 3
2 4
3 1
3 4
4 0
Orbits: [0]--[1, 2, 3]--[4]
t # 296
1 2
2 3
2 4
3 1
4 0
4 3
Orbits: [0]--[1]--[2]--[3]--[4]
t # 297
1 2
2 3
3 1
3 4
4 0
4 2
Orbits: [0]--[1, 4]--[2]--[3]
t # 298
1 2
2 3
3 1
4 0
4 2
4 3
Orbits: [0]--[1]--[2]--[3]--[4]
t # 299
1 2
2 4
3 1
3 2
3 4
4 0
Orbits: [0]--[1]--[2]--[3]--[4]
t # 300
1 2
2 4
3 1
3 2
4 0
4 3
Orbits: [0, 3]--[1]--[2]--[4]
t # 301
1 2
3 1
3 2
3 4
4 0
4 2
Orbits: [0]--[1, 4]--[2]--[3]
t # 302
1 2
3 1
3 2
4 0
4 2
4 3
Orbits: [0, 3]--[1]--[2]--[4]
t # 303
2 1
2 3
2 4
3 1
3 4
4 0
Orbits: [0]--[1, 4]--[2]--[3]
t # 304
2 1
2 3
2 4
3 1
4 0
4 3
Orbits: [0]--[1]--[2]--[3]--[4]
t # 305
2 1
2 3
3 1
3 4
4 0
4 2
Orbits: [0]--[1]--[2, 3, 4]
t # 306
2 1
2 3
3 1
4 0
4 2
4 3
Orbits: [0, 2]--[1]--[3]--[4]
t # 307
0 4
1 2
1 3
1 4
2 3
2 4
3 4
Orbits: [0, 1]--[2]--[3]--[4]
t # 308
0 4
1 2
1 3
1 4
2 3
2 4
4 3
Orbits: [0, 1]--[2]--[3]--[4]
t # 309
0 4
1 2
1 3
1 4
2 3
3 4
4 2
Orbits: [0, 1]--[2]--[3]--[4]
t # 310
0 4
1 2
1 3
1 4
2 3
4 2
4 3
Orbits: [0, 1]--[2]--[3]--[4]
t # 311
0 4
1 2
1 3
2 3
2 4
3 4
4 1
Orbits: [0]--[1]--[2]--[3]--[4]
t # 312
0 4
1 2
1 3
2 3
2 4
4 1
4 3
Orbits: [0]--[1]--[2]--[3]--[4]
t # 313
0 4
1 2
1 3
2 3
3 4
4 1
4 2
Orbits: [0]--[1]--[2]--[3]--[4]
t # 314
0 4
1 2
1 3
2 3
4 1
4 2
4 3
Orbits: [0]--[1]--[2]--[3]--[4]
t # 315
0 4
1 2
1 4
2 3
2 4
3 1
3 4
Orbits: [0]--[1, 2, 3]--[4]
t # 316
0 4
1 2
1 4
2 3
2 4
3 1
4 3
Orbits: [0]--[1]--[2]--[3]--[4]
t # 317
0 4
1 2
1 4
2 3
3 1
4 2
4 3
Orbits: [0]--[1]--[2]--[3]--[4]
t # 318
0 4
1 2
2 3
3 1
4 1
4 2
4 3
Orbits: [0]--[1, 2, 3]--[4]
t # 319
1 2
1 3
1 4
2 3
2 4
3 4
4 0
Orbits: [0]--[1]--[2]--[3]--[4]
t # 320
1 2
1 3
1 4
2 3
2 4
4 0
4 3
Orbits: [0]--[1]--[2]--[3]--[4]
t # 321
1 2
1 3
1 4
2 3
3 4
4 0
4 2
Orbits: [0]--[1]--[2, 3, 4]
t # 322
1 2
1 3
1 4
2 3
4 0
4 2
4 3
Orbits: [0]--[1]--[2]--[3]--[4]
t # 323
1 2
1 3
2 3
2 4
3 4
4 0
4 1
Orbits: [0, 1]--[2]--[3]--[4]
t # 324
1 2
1 3
2 3
2 4
4 0
4 1
4 3
Orbits: [0]--[3]--[1, 2, 4]
t # 325
1 2
1 3
2 3
3 4
4 0
4 1
4 2
Orbits: [0, 1]--[2]--[3]--[4]
t # 326
1 2
1 3
2 3
4 0
4 1
4 2
4 3
Orbits: [0, 1]--[2]--[3]--[4]
t # 327
1 2
1 4
2 3
2 4
3 1
3 4
4 0
Orbits: [0]--[1, 2, 3]--[4]
t # 328
1 2
1 4
2 3
2 4
3 1
4 0
4 3
Orbits: [0]--[1]--[2]--[3]--[4]
t # 329
1 2
1 4
2 3
3 1
4 0
4 2
4 3
Orbits: [0]--[1]--[2]--[3]--[4]
t # 330
1 2
2 3
3 1
4 0
4 1
4 2
4 3
Orbits: [0]--[1, 2, 3]--[4]
t # 331
0 3
0 4
1 2
1 3
1 4
2 3
2 4
3 4
Orbits: [0, 1]--[2]--[3]--[4]
t # 332
0 3
0 4
1 2
1 3
1 4
2 3
3 4
4 2
Orbits: [0, 1]--[2]--[3]--[4]
t # 333
0 3
0 4
1 2
1 3
1 4
2 3
4 2
4 3
Orbits: [0, 1]--[2]--[3]--[4]
t # 334
0 3
0 4
1 2
1 3
1 4
3 2
3 4
4 2
Orbits: [0, 1]--[2]--[3]--[4]
t # 335
0 3
0 4
1 2
1 3
2 3
2 4
3 4
4 1
Orbits: [0]--[1]--[2]--[3]--[4]
t # 336
0 3
0 4
1 2
1 3
2 3
2 4
4 1
4 3
Orbits: [0]--[1]--[2]--[3]--[4]
t # 337
0 3
0 4
1 2
1 3
2 3
3 4
4 1
4 2
Orbits: [0]--[1]--[2]--[3]--[4]
t # 338
0 3
0 4
1 2
1 3
2 3
4 1
4 2
4 3
Orbits: [0]--[1]--[2]--[3]--[4]
t # 339
0 3
0 4
1 2
1 3
2 4
3 2
3 4
4 1
Orbits: [0]--[1]--[2]--[3]--[4]
t # 340
0 3
0 4
1 2
1 3
2 4
3 2
4 1
4 3
Orbits: [0]--[1]--[2]--[3]--[4]
t # 341
0 3
0 4
1 2
1 3
3 2
3 4
4 1
4 2
Orbits: [0]--[1]--[2]--[3]--[4]
t # 342
0 3
0 4
1 2
1 3
3 2
4 1
4 2
4 3
Orbits: [0]--[1]--[2]--[3]--[4]
t # 343
0 3
0 4
1 2
2 3
2 4
3 1
3 4
4 1
Orbits: [0]--[1]--[2]--[3]--[4]
t # 344
0 3
0 4
1 2
2 3
3 1
3 4
4 1
4 2
Orbits: [0]--[1]--[2]--[3]--[4]
t # 345
0 3
0 4
1 2
2 3
3 1
4 1
4 2
4 3
Orbits: [0]--[1]--[2]--[3]--[4]
t # 346
0 3
0 4
1 2
3 1
3 2
3 4
4 1
4 2
Orbits: [0]--[1]--[2]--[3]--[4]
t # 347
0 3
1 2
1 3
1 4
2 3
2 4
3 4
4 0
Orbits: [0]--[1]--[2]--[3]--[4]
t # 348
0 3
1 2
1 3
1 4
2 3
2 4
4 0
4 3
Orbits: [0]--[1]--[2]--[3]--[4]
t # 349
0 3
1 2
1 3
1 4
2 3
3 4
4 0
4 2
Orbits: [0]--[1]--[2]--[3]--[4]
t # 350
0 3
1 2
1 3
1 4
2 3
4 0
4 2
4 3
Orbits: [0]--[1]--[2]--[3]--[4]
t # 351
0 3
1 2
1 3
1 4
2 4
3 2
3 4
4 0
Orbits: [0]--[1]--[2]--[3]--[4]
t # 352
0 3
1 2
1 3
1 4
2 4
3 2
4 0
4 3
Orbits: [0]--[1]--[2]--[3]--[4]
t # 353
0 3
1 2
1 3
1 4
3 2
3 4
4 0
4 2
Orbits: [0]--[1]--[2]--[3]--[4]
t # 354
0 3
1 2
1 3
1 4
3 2
4 0
4 2
4 3
Orbits: [0]--[1]--[2]--[3]--[4]
t # 355
0 3
1 2
1 3
2 3
2 4
3 4
4 0
4 1
Orbits: [0, 1]--[2]--[3]--[4]
t # 356
0 3
1 2
1 3
2 3
2 4
4 0
4 1
4 3
Orbits: [0]--[3]--[1, 2, 4]
t # 357
0 3
1 2
1 3
2 3
3 4
4 0
4 1
4 2
Orbits: [0, 1]--[2]--[3]--[4]
t # 358
0 3
1 2
1 3
2 3
4 0
4 1
4 2
4 3
Orbits: [0, 1]--[2]--[3]--[4]
t # 359
0 3
1 2
1 3
2 4
3 2
3 4
4 0
4 1
Orbits: [0, 1]--[2]--[3]--[4]
t # 360
0 3
1 2
1 3
2 4
3 2
4 0
4 1
4 3
Orbits: [0, 1]--[2]--[3]--[4]
t # 361
0 3
1 2
1 3
3 2
3 4
4 0
4 1
4 2
Orbits: [0, 1]--[2]--[3]--[4]
t # 362
0 3
1 2
1 3
3 2
4 0
4 1
4 2
4 3
Orbits: [0, 1]--[2]--[3]--[4]
t # 363
0 3
1 2
1 4
2 3
2 4
3 1
3 4
4 0
Orbits: [0]--[1]--[2]--[3]--[4]
t # 364
0 3
1 2
1 4
2 3
2 4
3 1
4 0
4 3
Orbits: [0]--[1]--[2]--[3]--[4]
t # 365
0 3
1 2
1 4
2 3
3 1
3 4
4 0
4 2
Orbits: [0]--[1]--[2]--[3]--[4]
t # 366
0 3
1 2
1 4
2 3
3 1
4 0
4 2
4 3
Orbits: [0]--[1]--[2]--[3]--[4]
t # 367
0 3
1 2
1 4
2 4
3 1
3 2
3 4
4 0
Orbits: [0]--[1]--[2]--[3]--[4]
t # 368
0 3
1 2
1 4
2 4
3 1
3 2
4 0
4 3
Orbits: [0]--[1]--[2]--[3]--[4]
t # 369
0 3
1 2
1 4
3 1
3 2
3 4
4 0
4 2
Orbits: [0]--[1]--[2]--[3]--[4]
t # 370
0 3
1 2
1 4
3 1
3 2
4 0
4 2
4 3
Orbits: [0]--[1]--[2]--[3]--[4]
t # 371
0 3
1 2
2 3
2 4
3 1
3 4
4 0
4 1
Orbits: [0]--[1]--[2]--[3]--[4]
t # 372
0 3
1 2
2 3
2 4
3 1
4 0
4 1
4 3
Orbits: [0]--[1]--[2]--[3]--[4]
t # 373
0 3
1 2
2 3
3 1
3 4
4 0
4 1
4 2
Orbits: [0]--[1]--[2]--[3]--[4]
t # 374
0 3
1 2
2 3
3 1
4 0
4 1
4 2
4 3
Orbits: [0]--[1]--[2]--[3]--[4]
t # 375
0 3
1 2
2 4
3 1
3 2
3 4
4 0
4 1
Orbits: [0]--[3]--[1, 2, 4]
t # 376
0 3
1 2
2 4
3 1
3 2
4 0
4 1
4 3
Orbits: [0]--[1]--[2]--[3]--[4]
t # 377
0 3
1 2
3 1
3 2
3 4
4 0
4 1
4 2
Orbits: [1]--[2]--[0, 3, 4]
t # 378
0 3
1 2
3 1
3 2
4 0
4 1
4 2
4 3
Orbits: [0]--[1]--[2]--[3]--[4]
t # 379
1 2
1 3
1 4
2 3
2 4
3 0
3 4
4 0
Orbits: [0]--[1]--[2]--[3]--[4]
t # 380
1 2
1 3
1 4
2 3
3 0
3 4
4 0
4 2
Orbits: [0]--[1]--[2, 3, 4]
t # 381
1 2
1 3
1 4
2 3
3 0
4 0
4 2
4 3
Orbits: [0]--[1]--[2]--[3]--[4]
t # 382
1 2
1 3
1 4
3 0
3 2
3 4
4 0
4 2
Orbits: [0]--[1]--[2]--[3]--[4]
t # 383
1 2
1 3
2 3
2 4
3 0
3 4
4 0
4 1
Orbits: [0]--[1]--[2]--[3]--[4]
t # 384
1 2
1 3
2 3
2 4
3 0
4 0
4 1
4 3
Orbits: [0]--[3]--[1, 2, 4]
t # 385
1 2
1 3
2 3
3 0
3 4
4 0
4 1
4 2
Orbits: [0]--[1]--[2]--[3]--[4]
t # 386
1 2
1 3
2 3
3 0
4 0
4 1
4 2
4 3
Orbits: [0]--[1]--[2]--[3]--[4]
t # 387
1 2
1 3
2 4
3 0
3 2
3 4
4 0
4 1
Orbits: [0]--[1]--[2]--[3]--[4]
t # 388
1 2
1 3
2 4
3 0
3 2
4 0
4 1
4 3
Orbits: [0]--[1]--[2]--[3]--[4]
t # 389
1 2
1 3
3 0
3 2
3 4
4 0
4 1
4 2
Orbits: [0]--[2]--[1, 3, 4]
t # 390
1 2
1 3
3 0
3 2
4 0
4 1
4 2
4 3
Orbits: [0]--[1]--[2]--[3]--[4]
t # 391
1 2
2 3
2 4
3 0
3 1
3 4
4 0
4 1
Orbits: [0, 1]--[2]--[3]--[4]
t # 392
1 2
2 3
3 0
3 1
3 4
4 0
4 1
4 2
Orbits: [0, 1]--[2]--[3]--[4]
t # 393
1 2
2 3
3 0
3 1
4 0
4 1
4 2
4 3
Orbits: [0]--[1, 2, 3]--[4]
t # 394
1 2
3 0
3 1
3 2
3 4
4 0
4 1
4 2
Orbits: [0, 1]--[2]--[3]--[4]
t # 395
0 1
0 2
1 3
1 4
2 3
2 4
3 4
Orbits: [0]--[1, 2]--[3]--[4]
t # 396
0 1
0 2
1 3
1 4
2 3
3 4
4 2
Orbits: [0]--[1]--[2]--[3]--[4]
t # 397
0 1
0 2
1 3
1 4
2 3
4 2
4 3
Orbits: [0]--[1]--[2]--[3]--[4]
t # 398
0 1
0 2
1 3
1 4
3 2
3 4
4 2
Orbits: [0]--[1]--[2]--[3]--[4]
t # 399
0 1
0 2
1 3
2 3
3 4
4 1
4 2
Orbits: [0]--[1, 2]--[3]--[4]
t # 400
0 1
0 2
1 3
2 3
4 1
4 2
4 3
Orbits: [0, 4]--[1, 2]--[3]
t # 401
0 1
0 2
1 3
2 4
3 2
3 4
4 1
Orbits: [0]--[1]--[2]--[3]--[4]
t # 402
0 1
0 2
1 3
3 2
3 4
4 1
4 2
Orbits: [0]--[1]--[2]--[3]--[4]
t # 403
0 1
0 2
1 3
3 2
4 1
4 2
4 3
Orbits: [0, 4]--[1]--[2]--[3]
t # 404
0 1
0 2
3 1
3 2
3 4
4 1
4 2
Orbits: [0, 3]--[1, 2]--[4]
t # 405
0 1
1 3
1 4
2 0
2 3
2 4
3 4
Orbits: [0]--[1]--[2]--[3]--[4]
t # 406
0 1
1 3
1 4
2 0
2 3
3 4
4 2
Orbits: [0]--[1]--[2]--[3]--[4]
t # 407
0 1
1 3
1 4
2 0
2 3
4 2
4 3
Orbits: [0, 1, 2, 4]--[3]
t # 408
0 1
1 3
1 4
2 0
3 2
3 4
4 2
Orbits: [0]--[1]--[2]--[3]--[4]
t # 409
0 1
1 3
2 0
2 3
2 4
3 4
4 1
Orbits: [0]--[1]--[2]--[3]--[4]
t # 410
0 1
1 3
2 0
2 3
2 4
4 1
4 3
Orbits: [0, 4]--[1]--[2]--[3]
t # 411
0 1
1 3
2 0
2 3
3 4
4 1
4 2
Orbits: [0]--[1]--[2]--[3]--[4]
t # 412
0 1
1 3
2 0
2 3
4 1
4 2
4 3
Orbits: [0]--[1]--[2]--[3]--[4]
t # 413
0 1
1 3
2 0
2 4
3 2
3 4
4 1
Orbits: [0]--[1]--[2]--[3]--[4]
t # 414
0 1
1 3
2 0
2 4
3 2
4 1
4 3
Orbits: [0, 4]--[1]--[2]--[3]
t # 415
0 1
1 3
2 0
3 2
3 4
4 1
4 2
Orbits: [0, 3]--[1, 2]--[4]
t # 416
0 1
1 3
2 0
3 2
4 1
4 2
4 3
Orbits: [0]--[1]--[2]--[3]--[4]
t # 417
0 1
2 0
2 3
2 4
3 1
3 4
4 1
Orbits: [0, 3]--[1]--[2]--[4]
t # 418
0 1
2 0
2 3
3 1
3 4
4 1
4 2
Orbits: [0]--[1]--[2, 3, 4]
t # 419
0 1
2 0
2 3
3 1
4 1
4 2
4 3
Orbits: [0]--[1]--[2]--[3]--[4]
t # 420
0 1
2 0
3 1
3 2
3 4
4 1
4 2
Orbits: [0]--[1]--[2]--[3]--[4]
t # 421
1 0
1 3
1 4
2 0
2 3
2 4
3 4
Orbits: [0, 3]--[1, 2]--[4]
t # 422
1 0
1 3
1 4
2 0
2 3
3 4
4 2
Orbits: [0, 3]--[1]--[2]--[4]
t # 423
1 0
1 3
1 4
2 0
2 3
4 2
4 3
Orbits: [0]--[1]--[2]--[3]--[4]
t # 424
1 0
1 3
1 4
2 0
3 2
3 4
4 2
Orbits: [0]--[1]--[2]--[3]--[4]
t # 425
1 0
1 3
2 0
2 3
3 4
4 1
4 2
Orbits: [0, 3]--[1, 2]--[4]
t # 426
1 0
1 3
2 0
2 3
4 1
4 2
4 3
Orbits: [0]--[1, 2]--[3]--[4]
t # 427
1 0
1 3
2 0
2 4
3 2
3 4
4 1
Orbits: [0]--[1]--[2]--[3]--[4]
t # 428
1 0
1 3
2 0
3 2
3 4
4 1
4 2
Orbits: [0]--[2]--[1, 3, 4]
t # 429
1 0
1 3
2 0
3 2
4 1
4 2
4 3
Orbits: [0]--[1]--[2]--[3]--[4]
t # 430
1 0
2 0
3 1
3 2
3 4
4 1
4 2
Orbits: [0]--[1, 2]--[3]--[4]
t # 431
0 1
0 2
0 4
1 3
1 4
2 3
2 4
3 4
Orbits: [0]--[1, 2]--[3]--[4]
t # 432
0 1
0 2
0 4
1 3
1 4
2 3
2 4
4 3
Orbits: [0]--[1, 2]--[3]--[4]
t # 433
0 1
0 2
0 4
1 3
1 4
2 3
3 4
4 2
Orbits: [0]--[1]--[2]--[3]--[4]
t # 434
0 1
0 2
0 4
1 3
1 4
2 3
4 2
4 3
Orbits: [0]--[1]--[2]--[3]--[4]
t # 435
0 1
0 2
0 4
1 3
1 4
2 4
3 2
3 4
Orbits: [0]--[1]--[2]--[3]--[4]
t # 436
0 1
0 2
0 4
1 3
1 4
2 4
3 2
4 3
Orbits: [0]--[1]--[2]--[3]--[4]
t # 437
0 1
0 2
0 4
1 3
1 4
3 2
3 4
4 2
Orbits: [0]--[1]--[2]--[3]--[4]
t # 438
0 1
0 2
0 4
1 3
1 4
3 2
4 2
4 3
Orbits: [0]--[1]--[2]--[3]--[4]
t # 439
0 1
0 2
0 4
1 3
2 3
3 4
4 1
4 2
Orbits: [0]--[1, 2]--[3]--[4]
t # 440
0 1
0 2
0 4
1 3
2 3
4 1
4 2
4 3
Orbits: [0]--[1, 2]--[3]--[4]
t # 441
0 1
0 2
0 4
1 3
2 4
3 2
3 4
4 1
Orbits: [0]--[1]--[2]--[3]--[4]
t # 442
0 1
0 2
0 4
1 3
2 4
3 2
4 1
4 3
Orbits: [0]--[1]--[2]--[3]--[4]
t # 443
0 1
0 2
0 4
1 3
3 2
3 4
4 1
4 2
Orbits: [0]--[1]--[2]--[3]--[4]
t # 444
0 1
0 2
0 4
1 3
3 2
4 1
4 2
4 3
Orbits: [0]--[1]--[2]--[3]--[4]
t # 445
0 1
0 2
0 4
1 4
2 4
3 1
3 2
3 4
Orbits: [0, 3]--[1, 2]--[4]
t # 446
0 1
0 2
0 4
1 4
2 4
3 1
3 2
4 3
Orbits: [0]--[1, 2]--[3]--[4]
t # 447
0 1
0 2
0 4
1 4
3 1
3 2
3 4
4 2
Orbits: [0, 3]--[1]--[2]--[4]
t # 448
0 1
0 2
0 4
1 4
3 1
3 2
4 2
4 3
Orbits: [0]--[1]--[2]--[3]--[4]
t # 449
0 1
0 2
0 4
3 1
3 2
3 4
4 1
4 2
Orbits: [0, 3]--[1, 2]--[4]
t # 450
0 1
0 2
0 4
3 1
3 2
4 1
4 2
4 3
Orbits: [0]--[1, 2]--[3]--[4]
t # 451
0 1
0 2
1 3
1 4
2 3
2 4
3 4
4 0
Orbits: [0]--[1, 2]--[3]--[4]
t # 452
0 1
0 2
1 3
1 4
2 3
2 4
4 0
4 3
Orbits: [0]--[1, 2]--[3]--[4]
t # 453
0 1
0 2
1 3
1 4
2 3
3 4
4 0
4 2
Orbits: [0]--[1]--[2]--[3]--[4]
t # 454
0 1
0 2
1 3
1 4
2 3
4 0
4 2
4 3
Orbits: [2]--[3]--[0, 1, 4]
t # 455
0 1
0 2
1 3
1 4
2 4
3 2
3 4
4 0
Orbits: [0]--[1]--[2]--[3]--[4]
t # 456
0 1
0 2
1 3
1 4
2 4
3 2
4 0
4 3
Orbits: [0]--[1]--[2]--[3]--[4]
t # 457
0 1
0 2
1 3
1 4
3 2
3 4
4 0
4 2
Orbits: [0]--[1]--[2]--[3]--[4]
t # 458
0 1
0 2
1 3
1 4
3 2
4 0
4 2
4 3
Orbits: [2]--[3]--[0, 1, 4]
t # 459
0 1
0 2
1 3
2 3
3 4
4 0
4 1
4 2
Orbits: [0]--[1, 2]--[3]--[4]
t # 460
0 1
0 2
1 3
2 3
4 0
4 1
4 2
4 3
Orbits: [0]--[1, 2]--[3]--[4]
t # 461
0 1
0 2
1 3
2 4
3 2
3 4
4 0
4 1
Orbits: [0]--[1]--[2]--[3]--[4]
t # 462
0 1
0 2
1 3
2 4
3 2
4 0
4 1
4 3
Orbits: [0]--[1]--[2]--[3]--[4]
t # 463
0 1
0 2
1 3
3 2
3 4
4 0
4 1
4 2
Orbits: [0]--[1]--[2]--[3]--[4]
t # 464
0 1
0 2
1 3
3 2
4 0
4 1
4 2
4 3
Orbits: [0]--[1]--[2]--[3]--[4]
t # 465
0 1
0 2
1 4
2 4
3 1
3 2
4 0
4 3
Orbits: [0, 3]--[1, 2]--[4]
t # 466
0 1
0 2
1 4
3 1
3 2
4 0
4 2
4 3
Orbits: [0, 3]--[1]--[2]--[4]
t # 467
0 1
0 2
3 1
3 2
4 0
4 1
4 2
4 3
Orbits: [0, 3]--[1, 2]--[4]
t # 468
0 1
0 4
1 3
1 4
2 0
2 4
3 2
3 4
Orbits: [0, 1, 2, 3]--[4]
t # 469
0 1
0 4
1 3
1 4
2 0
2 4
3 2
4 3
Orbits: [0]--[1]--[2]--[3]--[4]
t # 470
0 1
0 4
1 3
1 4
2 0
3 2
4 2
4 3
Orbits: [0]--[1]--[2]--[3]--[4]
t # 471
0 1
0 4
1 3
2 0
3 2
3 4
4 1
4 2
Orbits: [0, 3]--[1, 2]--[4]
t # 472
0 1
0 4
1 3
2 0
3 2
4 1
4 2
4 3
Orbits: [0]--[1]--[2]--[3]--[4]
t # 473
0 1
1 3
2 0
3 2
4 0
4 1
4 2
4 3
Orbits: [0, 1, 2, 3]--[4]
t # 474
0 2
0 3
0 4
1 2
1 3
1 4
2 3
2 4
3 4
Orbits: [0, 1]--[2]--[3]--[4]
t # 475
0 2
0 3
0 4
1 2
1 3
1 4
2 3
3 4
4 2
Orbits: [0, 1]--[2, 3, 4]
t # 476
0 2
0 3
0 4
1 2
1 3
2 3
2 4
3 4
4 1
Orbits: [0]--[1]--[2]--[3]--[4]
t # 477
0 2
0 3
0 4
1 2
1 3
2 3
2 4
4 1
4 3
Orbits: [0]--[1]--[2]--[3]--[4]
t # 478
0 2
0 3
0 4
1 2
1 3
2 3
3 4
4 1
4 2
Orbits: [0]--[1]--[2]--[3]--[4]
t # 479
0 2
0 3
0 4
1 2
1 3
2 3
4 1
4 2
4 3
Orbits: [0]--[1]--[2]--[3]--[4]
t # 480
0 2
0 3
0 4
1 2
2 3
2 4
3 1
3 4
4 1
Orbits: [0]--[1]--[2]--[3]--[4]
t # 481
0 2
0 3
0 4
1 2
2 3
3 1
3 4
4 1
4 2
Orbits: [0]--[1]--[2]--[3]--[4]
t # 482
0 2
0 3
0 4
1 2
2 3
3 1
4 1
4 2
4 3
Orbits: [0]--[1]--[2]--[3]--[4]
t # 483
0 2
0 3
0 4
1 2
3 1
3 2
3 4
4 1
4 2
Orbits: [0]--[1]--[2]--[3]--[4]
t # 484
0 2
0 3
0 4
2 1
2 3
2 4
3 1
3 4
4 1
Orbits: [0]--[1]--[2]--[3]--[4]
t # 485
0 2
0 3
0 4
2 1
2 3
3 1
3 4
4 1
4 2
Orbits: [0]--[1]--[2, 3, 4]
t # 486
0 2
0 3
1 2
1 3
2 3
2 4
3 4
4 0
4 1
Orbits: [0, 1]--[2]--[3]--[4]
t # 487
0 2
0 3
1 2
1 3
2 3
2 4
4 0
4 1
4 3
Orbits: [0, 1]--[2]--[3]--[4]
t # 488
0 2
0 3
1 2
1 3
2 3
3 4
4 0
4 1
4 2
Orbits: [0, 1]--[2]--[3]--[4]
t # 489
0 2
0 3
1 2
1 3
2 3
4 0
4 1
4 2
4 3
Orbits: [0, 1]--[2]--[3]--[4]
t # 490
0 2
0 3
1 2
1 4
2 3
2 4
3 1
3 4
4 0
Orbits: [0]--[1]--[2]--[3]--[4]
t # 491
0 2
0 3
1 2
1 4
2 3
3 1
3 4
4 0
4 2
Orbits: [0]--[1]--[2]--[3]--[4]
t # 492
0 2
0 3
1 2
1 4
2 3
3 1
4 0
4 2
4 3
Orbits: [0]--[1]--[2]--[3]--[4]
t # 493
0 2
0 3
1 2
1 4
3 1
3 2
3 4
4 0
4 2
Orbits: [0]--[1]--[2]--[3]--[4]
t # 494
0 2
0 3
1 2
2 3
2 4
3 1
3 4
4 0
4 1
Orbits: [0]--[1]--[2]--[3]--[4]
t # 495
0 2
0 3
1 2
2 3
2 4
3 1
4 0
4 1
4 3
Orbits: [0]--[1]--[2]--[3]--[4]
t # 496
0 2
0 3
1 2
2 3
3 1
3 4
4 0
4 1
4 2
Orbits: [0]--[1]--[2]--[3]--[4]
t # 497
0 2
0 3
1 2
2 3
3 1
4 0
4 1
4 2
4 3
Orbits: [0]--[1]--[2]--[3]--[4]
t # 498
0 2
0 3
1 2
2 4
3 1
3 2
3 4
4 0
4 1
Orbits: [0]--[1]--[2]--[3]--[4]
t # 499
0 2
0 3
1 2
2 4
3 1
3 2
4 0
4 1
4 3
Orbits: [0]--[1]--[2]--[3]--[4]
t # 500
0 2
0 3
1 2
3 1
3 2
3 4
4 0
4 1
4 2
Orbits: [1]--[2]--[0, 3, 4]
t # 501
0 2
0 3
1 2
3 1
3 2
4 0
4 1
4 2
4 3
Orbits: [0]--[1]--[2]--[3]--[4]
t # 502
0 2
0 3
1 4
2 1
2 3
2 4
3 1
3 4
4 0
Orbits: [0]--[1]--[2]--[3]--[4]
t # 503
0 2
0 3
1 4
2 1
2 3
2 4
3 1
4 0
4 3
Orbits: [0]--[1]--[2]--[3]--[4]
t # 504
0 2
0 3
1 4
2 1
2 3
3 1
3 4
4 0
4 2
Orbits: [0]--[1]--[2]--[3]--[4]
t # 505
0 2
0 3
1 4
2 1
2 3
3 1
4 0
4 2
4 3
Orbits: [0]--[1]--[2]--[3]--[4]
t # 506
0 2
0 3
2 1
2 3
2 4
3 1
3 4
4 0
4 1
Orbits: [0]--[1]--[2]--[3]--[4]
t # 507
0 2
0 3
2 1
2 3
2 4
3 1
4 0
4 1
4 3
Orbits: [1]--[3]--[0, 2, 4]
t # 508
0 2
0 3
2 1
2 3
3 1
3 4
4 0
4 1
4 2
Orbits: [0]--[1]--[2]--[3]--[4]
t # 509
0 2
0 3
2 1
2 3
3 1
4 0
4 1
4 2
4 3
Orbits: [0]--[1]--[2]--[3]--[4]
t # 510
0 2
1 2
2 3
2 4
3 0
3 1
3 4
4 0
4 1
Orbits: [0, 1]--[2]--[3]--[4]
t # 511
0 2
1 2
2 3
3 0
3 1
3 4
4 0
4 1
4 2
Orbits: [0, 1]--[2]--[3]--[4]
t # 512
0 2
1 2
2 3
3 0
3 1
4 0
4 1
4 2
4 3
Orbits: [0, 1]--[2]--[3]--[4]
t # 513
0 2
1 2
3 0
3 1
3 2
3 4
4 0
4 1
4 2
Orbits: [0, 1]--[2]--[3]--[4]
t # 514
0 2
1 3
2 1
2 3
2 4
3 0
3 4
4 0
4 1
Orbits: [0]--[2]--[1, 3, 4]
t # 515
0 2
1 3
2 1
2 3
2 4
3 0
4 0
4 1
4 3
Orbits: [0]--[1]--[2]--[3]--[4]
t # 516
0 2
1 3
2 1
2 3
3 0
3 4
4 0
4 1
4 2
Orbits: [0]--[1]--[2]--[3]--[4]
t # 517
0 2
1 3
2 1
2 3
3 0
4 0
4 1
4 2
4 3
Orbits: [0]--[1]--[2]--[3]--[4]
t # 518
0 2
2 1
2 3
2 4
3 0
3 1
3 4
4 0
4 1
Orbits: [0]--[1]--[2]--[3]--[4]
t # 519
0 2
2 1
2 3
3 0
3 1
3 4
4 0
4 1
4 2
Orbits: [0]--[1]--[2]--[3]--[4]
t # 520
0 2
2 1
2 3
3 0
3 1
4 0
4 1
4 2
4 3
Orbits: [1]--[0, 2, 3]--[4]
t # 521
0 2
2 1
3 0
3 1
3 2
3 4
4 0
4 1
4 2
Orbits: [0]--[1]--[2]--[3]--[4]
t # 522
2 0
2 1
2 3
2 4
3 0
3 1
3 4
4 0
4 1
Orbits: [0, 1]--[2]--[3]--[4]
t # 523
2 0
2 1
2 3
3 0
3 1
3 4
4 0
4 1
4 2
Orbits: [0, 1]--[2, 3, 4]
t # 524
0 1
0 2
0 3
0 4
1 2
1 3
1 4
2 3
2 4
3 4
Orbits: [0]--[1]--[2]--[3]--[4]
t # 525
0 1
0 2
0 3
0 4
1 2
1 3
1 4
2 3
3 4
4 2
Orbits: [0]--[1]--[2, 3, 4]
t # 526
0 1
0 2
0 3
0 4
1 2
1 3
2 3
2 4
3 4
4 1
Orbits: [0]--[1]--[2]--[3]--[4]
t # 527
0 1
0 2
0 3
0 4
1 2
1 3
2 3
2 4
4 1
4 3
Orbits: [0]--[3]--[1, 2, 4]
t # 528
0 1
0 2
0 3
1 2
1 3
1 4
2 3
2 4
3 4
4 0
Orbits: [0]--[1]--[2]--[3]--[4]
t # 529
0 1
0 2
0 3
1 2
1 3
1 4
2 3
2 4
4 0
4 3
Orbits: [0]--[1]--[2]--[3]--[4]
t # 530
0 1
0 2
0 3
1 2
1 3
1 4
2 3
3 4
4 0
4 2
Orbits: [0]--[1]--[2]--[3]--[4]
t # 531
0 1
0 2
0 3
1 2
1 3
1 4
2 3
4 0
4 2
4 3
Orbits: [2]--[3]--[0, 1, 4]
t # 532
0 1
0 2
0 3
1 2
1 3
2 3
2 4
3 4
4 0
4 1
Orbits: [0]--[1]--[2]--[3]--[4]
t # 533
0 1
0 2
0 3
1 2
1 4
2 3
2 4
3 1
3 4
4 0
Orbits: [0]--[1, 2, 3]--[4]
t # 534
0 1
0 2
0 3
1 2
1 4
2 3
2 4
3 1
4 0
4 3
Orbits: [0]--[1]--[2]--[3]--[4]
t # 535
0 1
0 2
1 2
1 3
2 3
2 4
3 0
3 4
4 0
4 1
Orbits: [0, 1, 2, 3, 4]
